1346962297 106846
1346962996 106846
1346964200 106846
1346965405 106846
1346966609 106846
1346967813 106846
1346969320 106846
1346970524 106846
1346971728 106846
1346972933 106846
1346974137 106846
1346975341 106846
1346976546 106846
1346977750 106846
1346978954 106846
1346980158 106846
1346981363 106846
1346982567 106846
1346983774 106846
1346984979 106846
1346986183 106846
1346987387 106846
1346988592 106846
1346989796 106846
1346991000 106846
1346992206 106846
1346993411 106846
1346994615 106846
1346995820 106846
1346997025 106846
1346998229 106846
1346999434 106846
1347000637 106846
1347001842 106846
1347003047 106846
1347004250 106846
1347005454 106846
1347006659 106846
1347007863 106846
