1341323224 354115
1344280738 354115
1344281940 354114
1344283328 354114
1344283395 354114
1344283574 354114
1344284776 354111
1344285978 354110
1344287180 354113
1344288382 354114
1344289584 354115
1344290786 354116
1344291987 354120
1344293190 354122
1344294392 354114
1344295594 354122
1344296796 354119
1344297998 354118
1344299199 354116
1344300401 354115
1344301603 354117
1344302808 354124
1344304010 354155
1344305212 354173
1344306414 354199
1344307616 354229
1344308818 354230
1344310019 354230
1344311221 354229
1344312423 354225
1344313625 354223
1344314827 354226
1344316029 354225
1344317232 354228
1344318433 354232
1344319635 354236
1344320837 354236
1344322039 354237
1344323241 354240
1344324442 354247
1344325644 354246
1344326847 354256
1344328049 354273
1344329250 354271
1344330453 354275
1344331655 354274
1344332856 354276
1344334059 354325
1344335260 354329
1344336462 354329
1344337664 354345
1344338865 354349
1344340068 354352
1344341269 354358
1344342471 354361
1344343673 354367
1344344875 354378
1344346076 354389
1344347278 354393
1344348480 354391
1344349683 354391
1344350885 354394
1344352087 354396
1344353289 354397
1344354491 354395
1344355693 354397
1344356895 354396
1344358096 354397
1344359299 354392
1344360501 354402
1344361703 354401
1344362905 354401
1344364106 354400
