1341323224 354115
1344280738 354115
1344281940 354114
1344283328 354114
1344283395 354114
1344283574 354114
1344284776 354111
1344285978 354110
1344287180 354113
1344288382 354114
1344289584 354115
1344290786 354116
1344291987 354120
1344293190 354122
1344294392 354114
1344295594 354122
1344296796 354119
1344297998 354118
1344299199 354116
1344300401 354115
1344301603 354117
1344302808 354124
1344304010 354155
1344305212 354173
1344306414 354199
1344307616 354229
1344308818 354230
1344310019 354230
1344311221 354229
1344312423 354225
1344313625 354223
1344314827 354226
1344316029 354225
1344317232 354228
1344318433 354232
1344319635 354236
1344320837 354236
1344322039 354237
1344323241 354240
1344324442 354247
1344325644 354246
1344326847 354256
1344328049 354273
1344329250 354271
1344330453 354275
1344331655 354274
1344332856 354276
1344334059 354325
1344335260 354329
1344336462 354329
1344337664 354345
1344338865 354349
1344340068 354352
1344341269 354358
1344342471 354361
1344343673 354367
1344344875 354378
1344346076 354389
1344347278 354393
1344348480 354391
1344349683 354391
1344350885 354394
1344352087 354396
1344353289 354397
1344354491 354395
1344355693 354397
1344356895 354396
1344358096 354397
1344359299 354392
1344360501 354402
1344361703 354401
1344362905 354401
1344364106 354400
1344365308 354397
1344366510 354393
1344367712 354390
1344368914 354403
1344370116 354404
1344371318 354401
1344372520 354405
1344373722 354408
1344374924 354410
1344376126 354413
1344377327 354413
1344378529 354413
1344379731 354417
1344380934 354409
1344382136 354409
1344383338 354407
1344384542 354405
1344385743 354402
1344386946 354399
1344388147 354400
1344389349 354413
1344390551 354436
1344391753 354449
1344392955 354448
1344394157 354445
1344395359 354444
1344396561 354444
1344397763 354484
1344398965 354485
1344400167 354485
1344401369 354484
1344402571 354484
1344403772 354488
1344404974 354488
1344406176 354499
1344407112 354517
1344407130 354517
1344408331 354515
1344409533 354518
1344410735 354525
1344411937 354531
1344413139 354532
1344414341 354532
1344415542 354529
1344416744 354538
1344417946 354548
1344419148 354556
1344420350 354558
1344421553 354571
1344422755 354570
1344423957 354574
1344424561 354578
1344425763 354580
1344426966 354587
1344428170 354591
1344429373 354588
1344430575 354599
1344431777 354601
1344432979 354604
1344434181 354604
1344435382 354608
1344436585 354619
1344437786 354619
1344438988 354623
1344440190 354627
1344441391 354631
1344442593 354634
1344443796 354630
1344444997 354631
1344446199 354630
1344447400 354631
1344448602 354629
1344449804 354630
1344451006 354631
1344452208 354629
1344453410 354626
1344454611 354622
1344455813 354620
1344457015 354620
1344458217 354622
1344459419 354618
1344460621 354621
1344461822 354621
1344463024 354623
1344464226 354625
1344465428 354626
1344466630 354627
1344467832 354619
1344469034 354615
1344470236 354612
1344471437 354610
1344472639 354609
1344473841 354607
1344475043 354618
1344476245 354627
1344477447 354633
1344478649 354654
1344479851 354663
1344481052 354662
1344482254 354660
1344483456 354684
1344484658 354682
1344485860 354679
1344487062 354677
1344488263 354698
1344489465 354696
1344490667 354699
1344491869 354705
1344493071 354705
1344494273 354709
1344495475 354710
1344496679 354714
1344497881 354718
1344499083 354720
1344500285 354722
1344501486 354719
1344502688 354713
1344503890 354752
1344505092 354750
1344506294 354759
1344507496 354764
1344508698 354773
1344509900 354785
1344511102 354786
1344512304 354794
1344513506 354794
1344514708 354797
1344515910 354795
1344517113 354796
1344518315 354791
1344519517 354790
1344520721 354791
1344521923 354786
1344523125 354798
1344524327 354806
1344525529 354805
1344526731 354804
1344527932 354803
1344529134 354812
1344530336 354813
1344531538 354813
1344532740 354813
1344533942 354812
1344535146 354813
1344536348 354811
1344537550 354810
1344538753 354811
1344539955 354808
1344541157 354808
1344542360 354804
1344543562 354802
1344544764 354802
1344545966 354802
1344547168 354807
1344548370 354809
1344549572 354810
1344550773 354811
1344551978 354814
1344553180 354817
1344554382 354801
1344555584 354800
1344556786 354798
1344557988 354796
1344559190 354795
1344560392 354798
1344561594 354796
1344562796 354795
1344563997 354793
1344565202 354792
1344566404 354789
1344567605 354789
1344568809 354795
1344570012 354809
1344571215 354822
1344572417 354841
1344573619 354841
1344574821 354845
1344576023 354849
1344577225 354855
1344578427 354888
1344579629 354899
1344580831 354897
1344582033 354904
1344583235 354902
1344584437 354908
1344585639 354919
1344586841 354920
1344588043 354925
1344589245 354939
1344590447 354943
1344591649 354948
1344592851 354950
1344594052 354954
1344595254 354958
1344596456 354967
1344597658 354971
1344598860 354973
1344600062 354972
1344601264 354972
1344602466 354976
1344603668 354958
1344604870 354962
1344606072 354969
1344607275 354978
1344608477 354986
1344609678 354985
1344610881 354985
1344612082 354991
1344613284 354991
1344614486 354989
1344615688 354986
1344616890 354985
1344618092 354986
1344619294 354988
1344620496 354987
1344621698 354989
1344622900 354991
1344624102 354990
1344625303 354990
1344626505 354986
1344627707 354982
1344628909 354982
1344630111 354980
1344631313 354980
1344632515 354977
1344633717 354977
1344634919 354977
1344636121 354979
1344637323 354979
1344638526 354980
1344639727 354981
1344640929 354971
1344642131 354969
1344643333 354969
1344644536 354968
1344645737 354968
1344646940 354967
1344648142 354967
1344649344 354966
1344650702 354966
1344651905 354966
1344653109 354965
1344654311 354963
1344655513 354962
1344656715 354963
1344657917 354961
1344659119 354960
1344660322 354960
1344661524 354969
1344662725 354968
1344663927 354967
1344665129 354965
1344666331 354965
1344667533 354965
1344668735 354967
1344669937 354965
1344671139 354959
1344672341 354961
1344673543 354964
1344674745 354964
1344675947 354965
1344677148 354966
1344678350 354964
1344679552 354967
1344680754 354972
1344681956 354975
1344683158 354980
1344684360 354981
1344685562 354984
1344686764 354987
1344687966 354993
1344689168 354987
1344690370 354987
1344691572 354986
1344692774 354985
1344693976 354987
1344695178 354991
1344696380 354988
1344697582 354989
1344698784 354988
1344699986 354987
1344701188 354985
1344702390 354985
1344703592 354986
1344704794 354985
1344705995 354986
1344707197 354986
1344708400 354979
1344709601 354981
1344710803 354978
1344712005 354979
1344713207 354979
1344714409 354978
1344715611 354976
1344716813 354972
1344718015 354972
1344719217 354972
1344720419 354974
1344721620 354975
1344722822 354975
1344724026 354975
1344725228 354976
1344726430 354971
1344727632 354971
1344728835 354970
1344730037 354969
1344731240 354969
1344732441 354967
1344733643 354967
1344734845 354966
1344736047 354964
1344737249 354964
1344738451 354963
1344739653 354963
1344740855 354963
1344742057 354962
1344743261 354961
1344744463 354961
1344745666 354960
1344746867 354964
1344748069 354963
1344749271 354963
1344750473 354963
1344751677 354961
1344752879 354960
1344754081 354959
1344755285 354958
1344756488 354958
1344757690 354957
1344758892 354957
1344760094 354956
1344761296 354956
1344762498 354954
1344763700 354953
1344764901 354954
1344766103 354954
1344767305 354955
1344768508 354955
1344769710 354956
1344770911 354956
1344772113 354955
1344773316 354957
1344774518 354958
1344775720 354958
1344776922 354958
1344778124 354957
1344779325 354956
1344780528 354961
1344781730 354963
1344782932 354961
1344784133 354960
1344785335 354962
1344786537 354962
1344787739 354965
1344788941 354968
1344790143 354975
1344791344 354975
1344792546 354973
1344793748 354971
1344794950 354971
1344796152 354969
1344797354 354969
1344798557 354975
1344799759 354974
1344800960 354974
1344802163 354974
1344803364 354975
1344804567 354976
1344805771 354982
1344806973 354983
1344808175 354986
1344809377 354986
1344810579 354985
1344811780 354985
1344812982 354979
1344814184 354978
1344815386 354977
1344816588 354977
1344817790 354979
1344818992 354977
1344820194 354977
1344821396 354995
1344822598 355000
1344823800 355004
1344825002 355006
1344826204 355006
1344827407 355020
1344828609 355025
1344829810 355034
1344831013 355035
1344832214 355033
1344833416 355037
1344834618 355041
1344835820 355048
1344837022 355063
1344838226 355061
1344839428 355083
1344840630 355084
1344841831 355093
1344843033 355104
1344844235 355125
1344845437 355140
1344846639 355140
1344847841 355171
1344849043 355192
1344850245 355191
1344851447 355190
1344852649 355186
1344853851 355206
1344855053 355212
1344856255 355224
1344857456 355231
1344858658 355175
1344859860 355178
1344861062 355180
1344862264 355184
1344863466 355193
1344864668 355198
1344865870 355202
1344867071 355201
1344868274 355200
1344869475 355204
1344870677 355203
1344871879 355202
1344873081 355198
1344874283 355196
1344875485 355199
1344876687 355199
1344877890 355197
1344879093 355194
1344880295 355196
1344881497 355194
1344882699 355192
1344883901 355195
1344885103 355193
1344886305 355196
1344887507 355197
1344888709 355196
1344889911 355193
1344891113 355191
1344892314 355194
1344893516 355195
1344894718 355195
1344895920 355195
1344897122 355196
1344898323 355197
1344899525 355195
1344900727 355197
1344901929 355199
1344903130 355195
1344904332 355198
1344905534 355199
1344906736 355198
1344907938 355206
1344909140 355226
1344910341 355238
1344911543 355256
1344912745 355264
1344913947 355263
1344915148 355264
1344916350 355263
1344917552 355260
1344918758 355258
1344919959 355257
1344921162 355263
1344922363 355308
1344923565 355331
1344924767 355338
1344925970 355340
1344927171 355352
1344928374 355357
1344929575 355389
1344930777 355391
1344931979 355405
1344933181 355408
1344934383 355412
1344935584 355413
1344936786 355421
1344937988 355424
1344939190 355432
1344940392 355437
1344941593 355437
1344942795 355436
1344943997 355441
1344945199 355445
1344946401 355443
1344947603 355446
1344948804 355458
1344950006 355460
1344951208 355456
1344952410 355454
1344953612 355455
1344954814 355460
1344956016 355463
1344957218 355461
1344958420 355461
1344959621 355458
1344960823 355460
1344962025 355459
1344963227 355457
1344964429 355456
1344965631 355459
1344966833 355464
1344968035 355466
1344969236 355465
1344970438 355457
1344971639 355455
1344972841 355455
1344974043 355455
1344975245 355454
1344976447 355453
1344977649 355453
1344978851 355456
1344980053 355458
1344981255 355457
1344982459 355457
1344983660 355458
1344984865 355462
1344986067 355449
1344987269 355449
1344988470 355450
1344989672 355452
1344990877 355452
1344992079 355451
1344993280 355451
1344994482 355469
1344995684 355497
1344996886 355503
1344998088 355524
1344999290 355524
1345000491 355521
1345001693 355518
1345002895 355548
1345004097 355547
1345005299 355547
1345006500 355543
1345007702 355547
1345008904 355563
1345010106 355565
1345011308 355566
1345012510 355565
1345013712 355565
1345014914 355570
1345016116 355577
1345017318 355579
1345018520 355594
1345019722 355600
1345020924 355606
1345022125 355626
1345023327 355631
1345024529 355633
1345025731 355642
1345026933 355652
1345028134 355650
1345029336 355657
1345030538 355654
1345031740 355653
1345032941 355661
1345034143 355665
1345035345 355667
1345036547 355673
1345037748 355708
1345038952 355720
1345040153 355716
1345041355 355717
1345042558 355714
1345043760 355714
1345044962 355715
1345046163 355720
1345047365 355721
1345048566 355721
1345049769 355721
1345050971 355720
1345052173 355721
1345053375 355717
1345054576 355713
1345055778 355711
1345056980 355707
1345058181 355707
1345059383 355709
1345060585 355721
1345061787 355723
1345062989 355723
1345064191 355720
1345072604 355725
1345073805 355721
1345075007 355720
1345076209 355723
1345077411 355722
1345078612 355721
1345079815 355730
1345081016 355750
1345082218 355755
1345083420 355759
1345084621 355763
1345085823 355781
1345087027 355779
1345088229 355804
1345089430 355810
1345090632 355820
1345091834 355818
1345093036 355814
1345094238 355825
1345095439 355830
1345096641 355832
1345097843 355834
1345099045 355833
1345100247 355854
1345101449 355856
1345102650 355859
1345149179 355960
1345150381 355961
1345151582 355965
1345152785 355966
1345153986 355976
1345155189 355976
1345156390 355975
1345157592 355976
1345158794 355957
1345159996 355958
1345161198 355956
1345162400 355955
1345163601 355954
1345164803 355953
1345166005 355954
1345167206 355978
1345168408 355993
1345169610 356014
1345170812 356017
1345172014 356016
1345173216 356013
1345174418 356010
1345175620 356045
1345176821 356045
1345178023 356044
1345179225 356046
1345180427 356051
1345180945 356051
