1336608000 136555
1337472000 135029
1338336000 136140
1339200000 137137
1340064000 136329
1340928000 161445
1341792000 137838
1342656000 136955
1343520000 137782
1344384000 138720
1345161600 138008
1345161600 138008
1345161600 138008
1345161600 138008
1345161600 138008
1345161600 138008
1345248000 138094
1345248000 138094
1345248000 138094
1345248000 138094
1345248000 138094
1345248000 138094
1345248000 138094
1345248000 138094
1345334400 138139
1345334400 138139
1345334400 138139
1345334400 138139
1345334400 138139
1345334400 138139
1345334400 138139
1345420800 138362
1345420800 138362
1345420800 138362
1345420800 138362
1345420800 138362
1345420800 138362
1345420800 138362
1345507200 138509
1345507200 138509
1345507200 138509
1345507200 138509
1345507200 138509
1345507200 138509
1345507200 138509
1345593600 138652
1345593600 138652
1345593600 138652
1345593600 138652
1345593600 138652
1345593600 138652
1345593600 138652
1345680000 138781
1345680000 138781
1345680000 138781
1345680000 138781
1345680000 138781
1345680000 138781
1345680000 138781
1345680000 138781
1345766400 138907
1345766400 138907
1345766400 138907
1345766400 138907
1345766400 138907
1345766400 138907
1345766400 138907
1345852800 138935
1345852800 138935
1345852800 138935
1345852800 138935
1345852800 138935
1345852800 138935
1345852800 138935
1345939200 138990
1345939200 138990
1345939200 138990
1345939200 138990
1345939200 138990
1345939200 138990
1345939200 138990
1346025600 139080
1346025600 139080
1346025600 139080
1346025600 139080
1346025600 139080
1346025600 139080
1346025600 139080
1346112000 139220
1346112000 139220
1346112000 139220
1346112000 139220
1346112000 139220
1346112000 139220
1346112000 139220
1346198400 139365
1346198400 139365
1346198400 139365
1346198400 139365
1346198400 139365
1346198400 139365
1346198400 139365
1346198400 139365
1346284800 139478
1346284800 139478
1346284800 139478
1346284800 139478
1346284800 139478
1346284800 139478
1346284800 139478
1346371200 139625
1346371200 139625
1346371200 139625
1346371200 139625
1346371200 139625
1346371200 139625
1346371200 139625
1346457600 139761
1346457600 139761
1346457600 139761
1346457600 139761
1346457600 139761
1346457600 139761
1346457600 139761
1346544000 139833
1346544000 139833
1346544000 139833
1346544000 139833
1346544000 139833
1346544000 139833
1346544000 139833
1346630400 139896
1346630400 139896
1346630400 139896
1346630400 139896
1346630400 139896
1346630400 139896
1346630400 139896
1346716800 140039
1346716800 140039
1346716800 140039
1346716800 140039
1346716800 140039
1346716800 140039
1346716800 140039
1346716800 140039
1346803200 140206
1346803200 140206
1346803200 140206
1346803200 140206
1346803200 140206
1346803200 140206
1346803200 140206
1346889600 140338
1346889600 140338
1346889600 140338
1346889600 140338
1346889600 140338
1346889600 140338
1346889600 140338
1346976000 140459
1346976000 140459
1346976000 140459
1346976000 140459
1346976000 140459
1346976000 140459
1346976000 140459
1347062400 140591
1347062400 140591
1347062400 140591
1347062400 140591
1347062400 140591
1347062400 140591
1347062400 140591
1347148800 140629
1347148800 140629
1347148800 140629
1347148800 140629
1347148800 140629
1347148800 140629
1347148800 140629
1347235200 140682
1347235200 140682
1347235200 140682
1347235200 140682
1347235200 140682
1347235200 140682
1347235200 140682
1347235200 140682
1347321600 138689
1347321600 138689
1347321600 138689
1347321600 138689
1347321600 138689
1347321600 138689
1347321600 138689
1347408000 138924
1347408000 138924
1347408000 138924
1347408000 138924
1347408000 138924
1347408000 138924
1347408000 138924
1347494400 139122
1347494400 139122
1347494400 139122
1347494400 139122
1347494400 139122
1347494400 139122
1347494400 139122
1347580800 139319
1347580800 139319
1347580800 139319
1347580800 139319
1347580800 139319
1347580800 139319
1347580800 139319
1347667200 139448
1347667200 139448
1347667200 139448
1347667200 139448
1347667200 139448
1347667200 139448
1347667200 139448
1347753600 139511
1347753600 139511
1347753600 139511
1347753600 139511
1347753600 139511
1347753600 139511
1347753600 139511
1347753600 139511
1347840000 139570
1347840000 139570
1347840000 139570
1347840000 139570
1347840000 139570
1347840000 139570
1347840000 139570
1347926400 139749
1347926400 139749
1347926400 139749
1347926400 139749
1347926400 139749
1347926400 139749
1347926400 139749
1348012800 139928
1348012800 139928
1348012800 139928
1348012800 139928
1348012800 139928
1348012800 139928
1348012800 139928
1348099200 140097
1348099200 140097
1348099200 140097
1348099200 140097
1348099200 140097
1348099200 140097
1348099200 140097
1348185600 140206
1348185600 140206
1348185600 140206
1348185600 140206
1348185600 140206
1348185600 140206
1348185600 140206
1348272000 140372
1348272000 140372
1348272000 140372
1348272000 140372
1348272000 140372
1348272000 140372
1348272000 140372
1348272000 140372
1348358400 140429
1348358400 140429
1348358400 140429
1348358400 140429
1348358400 140429
1348358400 140429
1348358400 140429
1348444800 140494
1348444800 140494
1348444800 140494
1348444800 140494
1348444800 140494
1348444800 140494
1348444800 140494
1348531200 140634
1348531200 140634
1348531200 140634
1348531200 140634
1348531200 140634
1348531200 140634
1348531200 140634
1348617600 140787
1348617600 140787
1348617600 140787
1348617600 140787
1348617600 140787
1348617600 140787
1348617600 140787
1348704000 140938
1348704000 140938
1348704000 140938
1348704000 140938
1348704000 140938
1348704000 140938
1348704000 140938
1348790400 141129
1348790400 141129
1348790400 141129
1348876800 141300
1348876800 141300
1348876800 141300
1348876800 141300
1348876800 141300
1348963200 141351
1348963200 141351
1348963200 141351
1348963200 141351
1348963200 141351
1348963200 141351
1348963200 141351
1349049600 141413
1349049600 141413
1349049600 141413
1349049600 141413
1349049600 141413
1349049600 141413
1349049600 141413
1349136000 141902
1349136000 141902
1349136000 141902
1349136000 141902
1349136000 141902
1349136000 141902
1349136000 141902
1349222400 142343
1349222400 142343
1349222400 142343
1349222400 142343
1349222400 142343
1349222400 142343
1349222400 142343
1349308800 142586
1349308800 142586
1349308800 142586
1349308800 142586
1349308800 142586
1349308800 142586
1349308800 142586
1349395200 142846
1349395200 142846
1349395200 142846
1349395200 142846
1349395200 142846
1349395200 142846
1349395200 142846
1349395200 142846
1349481600 142966
1349481600 142966
1349481600 142966
1349481600 142966
1349481600 142966
1349481600 142966
1349481600 142966
1349568000 143089
1349568000 143089
1349568000 143089
1349568000 143089
1349568000 143089
1349568000 143089
1349568000 143089
1349654400 143154
1349654400 143154
1349654400 143154
1349654400 143154
1349654400 143154
1349654400 143154
1349654400 143154
1349740800 143370
1349740800 143370
1349740800 143370
1349740800 143370
1349740800 143370
1349740800 143370
1349740800 143370
1349827200 143485
1349827200 143485
1349827200 143485
1349827200 143485
1349827200 143485
1349827200 143485
1349827200 143485
1349827200 143485
1349913600 140747
1349913600 140747
1349913600 140747
1349913600 140747
1349913600 140747
1349913600 140747
1349913600 140747
1350000000 140968
1350000000 140968
1350000000 140968
1350000000 140968
1350000000 140968
1350000000 140968
1350000000 140968
1350086400 141260
1350086400 141260
1350086400 141260
1350086400 141260
1350086400 141260
1350086400 141260
1350086400 141260
1350172800 141210
1350172800 141210
1350172800 141210
1350172800 141210
1350172800 141210
1350172800 141210
1350172800 141210
1350259200 141356
1350259200 141356
1350259200 141356
1350259200 141356
1350259200 141356
1350259200 141356
1350259200 141356
1350345600 141700
1350345600 141700
1350345600 141700
1350345600 141700
1350345600 141700
1350345600 141700
1350345600 141700
1350432000 141879
1350432000 141879
1350432000 141879
1350432000 141879
1350432000 141879
1350432000 141879
1350432000 141879
1350432000 141879
1350518400 142284
1350518400 142284
1350518400 142284
1350518400 142284
1350518400 142284
1350518400 142284
1350518400 142284
1350604800 142512
1350604800 142512
1350604800 142512
1350604800 142512
1350604800 142512
1350604800 142512
1350604800 142512
1350691200 142685
1350691200 142685
1350691200 142685
1350691200 142685
1350691200 142685
1350691200 142685
1350691200 142685
1350777600 142807
1350777600 142807
1350777600 142807
1350777600 142807
1350777600 142807
1350777600 142807
1350777600 142807
1350864000 142934
1350864000 142934
1350864000 142934
1350864000 142934
1350864000 142934
1350864000 142934
1350864000 142934
1350950400 143218
1350950400 143218
1350950400 143218
1350950400 143218
1350950400 143218
1350950400 143218
1350950400 143218
1350950400 143218
1351036800 143487
1351036800 143487
1351036800 143487
1351036800 143487
1351036800 143487
1351036800 143487
1351036800 143487
1351123200 143990
1351123200 143990
1351123200 143990
1351123200 143990
1351123200 143990
1351123200 143990
1351123200 143990
1351209600 144305
1351209600 144305
1351209600 144305
1351209600 144305
1351209600 144305
1351209600 144305
1351209600 144305
1351296000 144681
1351296000 144681
1351296000 144681
1351296000 144681
1351296000 144681
1351296000 144681
1351296000 144681
1351382400 144921
1351382400 144921
1351382400 144921
1351382400 144921
1351382400 144921
1351382400 144921
1351382400 144921
1351468800 144981
1351468800 144981
1351468800 144981
1351468800 144981
1351468800 144981
1351468800 144981
1351468800 144981
1351468800 144981
1351555200 145184
1351555200 145184
1351555200 145184
1351555200 145184
1351555200 145184
1351555200 145184
1351555200 145184
1351641600 148660
1351641600 148660
1351641600 148660
1351641600 148660
1351641600 148660
1351641600 148660
1351641600 148660
1351641600 148660
1351728000 150317
1351728000 150317
1351728000 150317
1351728000 150317
1351728000 150317
1351728000 150317
1351814400 150480
1351814400 150480
1351814400 150480
1351814400 150480
1351814400 150480
1351814400 150480
1351814400 150480
1351900800 150545
1351900800 150545
1351900800 150545
1351900800 150545
1351900800 150545
1351900800 150545
1351900800 150545
1351987200 150572
1351987200 150572
1351987200 150572
1351987200 150572
1351987200 150572
1351987200 150572
1351987200 150572
1351987200 150572
1352073600 150610
1352073600 150610
1352073600 150610
1352073600 150610
1352073600 150610
1352073600 150610
1352073600 150610
1352160000 150809
1352160000 150809
1352160000 150809
1352160000 150809
1352160000 150809
1352160000 150809
1352160000 150809
1352246400 150941
1352246400 150941
1352246400 150941
1352246400 150941
1352246400 150941
1352246400 150941
1352246400 150941
1352332800 151127
1352332800 151127
1352332800 151127
1352332800 151127
1352332800 151127
1352332800 151127
1352332800 151127
1352419200 151209
1352419200 151209
1352419200 151209
1352419200 151209
1352419200 151209
1352419200 151209
1352419200 151209
1352419200 151209
1352505600 151298
1352505600 151298
1352505600 151298
1352505600 151298
1352505600 151298
1352505600 151298
1352505600 151298
1352592000 151347
1352592000 151347
1352592000 151347
1352592000 151347
1352592000 151347
1352592000 151347
1352592000 151347
1352592000 151347
1352678400 136363
1352678400 136363
1352678400 136363
1352678400 136363
1352678400 136363
1352678400 136363
1352764800 136576
1352764800 136576
1352764800 136576
1352764800 136576
1352764800 136576
1352764800 136576
1352764800 136576
1352851200 136768
1352851200 136768
1352851200 136768
1352851200 136768
1352851200 136768
1352851200 136768
1352851200 136768
1352937600 136907
1352937600 136907
1352937600 136907
1352937600 136907
1352937600 136907
1352937600 136907
1352937600 136907
1353024000 137040
1353024000 137040
1353024000 137040
1353024000 137040
1353024000 137040
1353024000 137040
1353024000 137040
1353024000 137040
1353110400 132964
1353110400 132964
1353110400 132964
1353110400 132964
1353110400 132964
1353110400 132964
1353110400 132964
1353196800 133064
1353196800 133064
1353196800 133064
1353196800 133064
1353196800 133064
1353196800 133064
1353196800 133064
1353283200 133149
1353283200 133149
1353283200 133149
1353283200 133149
1353283200 133149
1353283200 133149
1353283200 133149
1353369600 133351
1353369600 133351
1353369600 133351
1353369600 133351
1353369600 133351
1353369600 133351
1353369600 133351
1353456000 133518
1353456000 133518
1353456000 133518
1353456000 133518
1353456000 133518
1353456000 133518
1353542400 133713
1353542400 133713
1353542400 133713
1353542400 133713
1353542400 133713
1353542400 133713
1353542400 133713
1353628800 133749
1353628800 133749
1353628800 133749
1353628800 133749
1353628800 133749
1353628800 133749
1353628800 133749
1353715200 133868
1353715200 133868
1353715200 133868
1353715200 133868
1353801600 133921
1353801600 133921
1353801600 133921
1353801600 133921
1353801600 133921
1353888000 133950
1353888000 133950
1353888000 133950
1353888000 133950
1353888000 133950
1353888000 133950
1353974400 134129
1353974400 134129
1353974400 134129
1353974400 134129
1353974400 134129
1354060800 134301
1354060800 134301
1354060800 134301
1354060800 134301
1354060800 134301
1354060800 134301
1354060800 134301
1354147200 134479
1354147200 134479
1354147200 134479
1354147200 134479
1354147200 134479
1354147200 134479
1354147200 134479
1354147200 134479
1354233600 134641
1354233600 134641
1354233600 134641
1354233600 134641
1354233600 134641
1354233600 134641
1354233600 134641
1354320000 134831
1354320000 134831
1354320000 134831
1354320000 134831
1354320000 134831
1354320000 134831
1354320000 134831
1354406400 134881
1354406400 134881
1354406400 134881
1354406400 134881
1354406400 134881
1354406400 134881
1354406400 134881
1354492800 134939
1354492800 134939
1354492800 134939
1354492800 134939
1354492800 134939
1354492800 134939
1354492800 134939
1354579200 135080
1354579200 135080
1354579200 135080
1354579200 135080
1354579200 135080
1354579200 135080
1354579200 135080
1354665600 135208
1354665600 135208
1354665600 135208
1354665600 135208
1354665600 135208
1354665600 135208
1354665600 135208
1354665600 135208
1354752000 135342
1354752000 135342
1354752000 135342
1354752000 135342
1354752000 135342
1354752000 135342
1354752000 135342
1354838400 135476
1354838400 135476
1354838400 135476
1354838400 135476
1354838400 135476
1354838400 135476
1354838400 135476
1354924800 135620
1354924800 135620
1354924800 135620
1354924800 135620
1354924800 135620
1354924800 135620
1354924800 135620
1355011200 135645
1355011200 135645
1355011200 135645
1355011200 135645
1355011200 135645
1355011200 135645
1355011200 135645
1355011200 135645
1355097600 135685
1355097600 135685
1355097600 135685
1355097600 135685
1355097600 135685
1355097600 135685
1355097600 135685
1355184000 133893
1355184000 133893
1355184000 133893
1355184000 133893
1355184000 133893
1355184000 133893
1355270400 134091
1355270400 134091
1355270400 134091
1355270400 134091
1355270400 134091
1355270400 134091
1355270400 134091
1355270400 134091
1355356800 134254
1355356800 134254
1355356800 134254
1355356800 134254
1355356800 134254
1355356800 134254
1355356800 134254
1355443200 134424
1355443200 134424
1355443200 134424
1355443200 134424
1355443200 134424
1355443200 134424
1355443200 134424
1355529600 134549
1355529600 134549
1355529600 134549
1355529600 134549
1355529600 134549
1355529600 134549
1355529600 134549
1355616000 134662
1355616000 134662
1355616000 134662
1355616000 134662
1355616000 134662
1355616000 134662
1355616000 134662
1355702400 134751
1355702400 134751
1355702400 134751
1355702400 134751
1355702400 134751
1355702400 134751
1355702400 134751
1355788800 134923
1355788800 134923
1355788800 134923
1355788800 134923
1355788800 134923
1355788800 134923
1355788800 134923
1355788800 134923
1355875200 135152
1355875200 135152
1355875200 135152
1355875200 135152
1355875200 135152
1355875200 135152
1355875200 135152
1355961600 135283
1355961600 135283
1355961600 135283
1355961600 135283
1355961600 135283
1355961600 135283
1355961600 135283
1356048000 135394
1356048000 135394
1356048000 135394
1356048000 135394
1356048000 135394
1356048000 135394
1356048000 135394
1356134400 136684
1356134400 136684
1356134400 136684
1356134400 136684
1356134400 136684
1356134400 136684
1356134400 136684
1356220800 136981
1356220800 136981
1356220800 136981
1356220800 136981
1356220800 136981
1356220800 136981
1356220800 136981
1356307200 148600
1356307200 148600
1356307200 148600
1356307200 148600
1356307200 148600
1356307200 148600
1356307200 148600
1356307200 148600
1356393600 148719
1356393600 148719
1356393600 148719
1356393600 148719
1356393600 148719
1356393600 148719
1356393600 148719
1356480000 148742
1356480000 148742
1356480000 148742
1356480000 148742
1356480000 148742
1356480000 148742
1356480000 148742
1356566400 148795
1356566400 148795
1356566400 148795
1356566400 148795
1356566400 148795
1356566400 148795
1356566400 148795
1356652800 148940
1356652800 148940
1356652800 148940
1356652800 148940
1356652800 148940
1356652800 148940
1356652800 148940
1356739200 150687
1356739200 150687
1356739200 150687
1356739200 150687
1356739200 150687
1356739200 150687
1356739200 150687
1356739200 150687
1356825600 150775
1356825600 150775
1356825600 150775
1356825600 150775
1356825600 150775
1356825600 150775
1356825600 150775
1356912000 150851
1356912000 150851
1356912000 150851
1356912000 150851
1356912000 150851
1356912000 150851
1356912000 150851
1356912000 150851
1356912000 150851
1356998400 150900
1356998400 150900
1356998400 150900
1356998400 150900
1356998400 150900
1357084800 150991
1357084800 150991
1357084800 150991
1357084800 150991
1357084800 150991
1357084800 150991
1357084800 150991
1357171200 151221
1357171200 151221
1357171200 151221
1357171200 151221
1357171200 151221
1357171200 151221
1357171200 151221
1357257600 151727
1357257600 151727
1357257600 151727
1357257600 151727
1357257600 151727
1357257600 151727
1357257600 151727
1357344000 151855
1357344000 151855
1357344000 151855
1357344000 151855
1357344000 151855
1357344000 151855
1357344000 151855
1357430400 151926
1357430400 151926
1357430400 151926
1357430400 151926
1357430400 151926
1357430400 151926
1357430400 151926
1357516800 151976
1357516800 151976
1357516800 151976
1357516800 151976
1357516800 151976
1357516800 151976
1357516800 151976
1357603200 152082
1357603200 152082
1357603200 152082
1357603200 152082
1357603200 152082
1357603200 152082
1357603200 152082
1357689600 152225
1357689600 152225
1357689600 152225
1357689600 152225
1357689600 152225
1357689600 152225
1357689600 152225
1357776000 152328
1357776000 152328
1357776000 152328
1357776000 152328
1357776000 152328
1357776000 152328
1357776000 152328
1357776000 152328
1357862400 152428
1357862400 152428
1357862400 152428
1357862400 152428
1357862400 152428
1357862400 152428
1357862400 152428
1357948800 152563
1357948800 152563
1357948800 152563
1357948800 152563
1357948800 152563
1357948800 152563
1357948800 152563
1358035200 152647
1358035200 152647
1358035200 152647
1358035200 152647
1358035200 152647
1358035200 152647
1358035200 152647
1358121600 152710
1358121600 152710
1358121600 152710
1358121600 152710
1358121600 152710
1358121600 152710
1358121600 152710
1358208000 152846
1358208000 152846
1358208000 152846
1358208000 152846
1358208000 152846
1358208000 152846
1358208000 152846
1358294400 153049
1358294400 153049
1358294400 153049
1358294400 153049
1358294400 153049
1358294400 153049
1358294400 153049
1358380800 153218
1358380800 153218
1358380800 153218
1358380800 153218
1358380800 153218
1358380800 153218
1358380800 153218
1358467200 153359
1358467200 153359
1358467200 153359
1358467200 153359
1358467200 153359
1358467200 153359
1358553600 153541
1358553600 153541
1358553600 153541
1358553600 153541
1358553600 153541
1358553600 153541
1358553600 153541
1358640000 153619
1358640000 153619
1358640000 153619
1358640000 153619
1358640000 153619
1358640000 153619
1358640000 153619
1358640000 153619
1358640000 153619
1358726400 121456
1358726400 121456
1358726400 121456
1358726400 121456
1358726400 121456
1358726400 121456
1358812800 121657
1358812800 121657
1358812800 121657
1358812800 121657
1358812800 121657
1358812800 121657
1358812800 121657
1358899200 121929
1358899200 121929
1358899200 121929
1358899200 121929
1358899200 121929
1358899200 121929
1358899200 121929
1358985600 122072
1358985600 122072
1358985600 122072
1358985600 122072
1358985600 122072
1358985600 122072
1358985600 122072
1359072000 122219
1359072000 122219
1359072000 122219
1359072000 122219
1359072000 122219
1359072000 122219
1359072000 122219
1359158400 122405
1359158400 122405
1359158400 122405
1359158400 122405
1359158400 122405
1359158400 122405
1359158400 122405
1359244800 122467
1359244800 122467
1359244800 122467
1359244800 122467
1359244800 122467
1359244800 122467
1359244800 122467
1359244800 122467
1359331200 122566
1359331200 122566
1359331200 122566
1359331200 122566
1359331200 122566
1359331200 122566
1359331200 122566
1359417600 122776
1359417600 122776
1359417600 122776
1359417600 122776
1359417600 122776
1359417600 122776
1359417600 122776
1359504000 123052
1359504000 123052
1359504000 123052
1359504000 123052
1359504000 123052
1359504000 123052
1359504000 123052
1359590400 123263
1359590400 123263
1359590400 123263
1359590400 123263
1359590400 123263
1359590400 123263
1359590400 123263
1359590400 123263
1359676800 123438
1359676800 123438
1359676800 123438
1359676800 123438
1359676800 123438
1359676800 123438
1359676800 123438
1359763200 123574
1359763200 123574
1359763200 123574
1359763200 123574
1359763200 123574
1359763200 123574
1359763200 123574
1359849600 123667
1359849600 123667
1359849600 123667
1359849600 123667
1359849600 123667
1359849600 123667
1359849600 123667
1359936000 123795
1359936000 123795
1359936000 123795
1359936000 123795
1359936000 123795
1359936000 123795
1359936000 123795
1360022400 124015
1360022400 124015
1360022400 124015
1360022400 124015
1360022400 124015
1360022400 124015
1360022400 124015
1360108800 124590
1360108800 124590
1360108800 124590
1360108800 124590
1360108800 124590
1360108800 124590
1360108800 124590
1360195200 124726
1360195200 124726
1360195200 124726
1360195200 124726
1360195200 124726
1360195200 124726
1360195200 124726
1360195200 124726
1360281600 124870
1360281600 124870
1360281600 124870
1360281600 124870
1360281600 124870
1360281600 124870
1360281600 124870
1360368000 125028
1360368000 125028
1360368000 125028
1360368000 125028
1360368000 125028
1360368000 125028
1360368000 125028
1360454400 125104
1360454400 125104
1360454400 125104
1360454400 125104
1360454400 125104
1360454400 125104
1360454400 125104
1360540800 123062
1360540800 123062
1360540800 123062
1360540800 123062
1360540800 123062
1360540800 123062
1360540800 123062
1360627200 123292
1360627200 123292
1360627200 123292
1360627200 123292
1360627200 123292
1360627200 123292
1360627200 123292
1360627200 123292
1360713600 124509
1360713600 124509
1360713600 124509
1360713600 124509
1360713600 124509
1360713600 124509
1360713600 124509
1360800000 124729
1360800000 124729
1360800000 124729
1360800000 124729
1360800000 124729
1360800000 124729
1360800000 124729
1360886400 124911
1360886400 124911
1360886400 124911
1360886400 124911
1360886400 124911
1360886400 124911
1360886400 124911
1360972800 125082
1360972800 125082
1360972800 125082
1360972800 125082
1360972800 125082
1360972800 125082
1360972800 125082
1361059200 125167
1361059200 125167
1361059200 125167
1361059200 125167
1361059200 125167
1361059200 125167
1361059200 125167
1361145600 125258
1361145600 125258
1361145600 125258
1361145600 125258
1361145600 125258
1361145600 125258
1361145600 125258
1361145600 125258
1361232000 127865
1361232000 127865
1361232000 127865
1361232000 127865
1361232000 127865
1361232000 127865
1361232000 127865
1361318400 132057
1361318400 132057
1361318400 132057
1361318400 132057
1361318400 132057
1361318400 132057
1361318400 132057
1361404800 132250
1361404800 132250
1361404800 132250
1361404800 132250
1361404800 132250
1361404800 132250
1361404800 132250
1361491200 132420
1361491200 132420
1361491200 132420
1361491200 132420
1361491200 132420
1361491200 132420
1361491200 132420
1361577600 132593
1361577600 132593
1361577600 132593
1361577600 132593
1361577600 132593
1361577600 132593
1361577600 132593
1361577600 132593
1361664000 132670
1361664000 132670
1361664000 132670
1361664000 132670
1361664000 132670
1361664000 132670
1361664000 132670
1361750400 132739
1361750400 132739
1361750400 132739
1361750400 132739
1361750400 132739
1361750400 132739
1361750400 132739
1361836800 133028
1361836800 133028
1361836800 133028
1361836800 133028
1361836800 133028
1361836800 133028
1361836800 133028
1361923200 133244
1361923200 133244
1361923200 133244
1361923200 133244
1361923200 133244
1361923200 133244
1361923200 133244
1362009600 133372
1362009600 133372
1362009600 133372
1362009600 133372
1362009600 133372
1362009600 133372
1362009600 133372
1362009600 133372
1362096000 137724
1362096000 137724
1362096000 137724
1362096000 137724
1362096000 137724
1362096000 137724
1362182400 138530
1362182400 138530
1362182400 138530
1362182400 138530
1362182400 138530
1362182400 138530
1362182400 138530
1362268800 139272
1362268800 139272
1362268800 139272
1362268800 139272
1362268800 139272
1362268800 139272
1362268800 139272
1362268800 139272
1362355200 139705
1362355200 139705
1362355200 139705
1362355200 139705
1362355200 139705
1362355200 139705
1362355200 139705
1362441600 140175
1362441600 140175
1362441600 140175
1362441600 140175
1362441600 140175
1362441600 140175
1362441600 140175
1362528000 140802
1362528000 140802
1362528000 140802
1362528000 140802
1362528000 140802
1362528000 140802
1362528000 140802
1362614400 141706
1362614400 141706
1362614400 141706
1362614400 141706
1362614400 141706
1362614400 141706
1362614400 141706
1362700800 142275
1362700800 142275
1362700800 142275
1362700800 142275
1362700800 142275
1362700800 142275
1362700800 142275
1362787200 142774
1362787200 142774
1362787200 142774
1362787200 142774
1362787200 142774
1362787200 142774
1362787200 142774
1362787200 142774
1362873600 143092
1362873600 143092
1362873600 143092
1362873600 143092
1362873600 143092
1362873600 143092
1362873600 143092
1362960000 140126
1362960000 140126
1362960000 140126
1362960000 140126
1362960000 140126
1362960000 140126
1362960000 140126
1363046400 131854
1363046400 131854
1363046400 131854
1363046400 131854
1363046400 131854
1363046400 131854
1363046400 131854
1363132800 130819
1363132800 130819
1363132800 130819
1363132800 130819
1363132800 130819
1363132800 130819
1363132800 130819
1363219200 131824
1363219200 131824
1363219200 131824
1363219200 131824
1363219200 131824
1363219200 131824
1363219200 131824
1363305600 132427
1363305600 132427
1363305600 132427
1363305600 132427
1363305600 132427
1363305600 132427
1363305600 132427
1363305600 132427
1363392000 132987
1363392000 132987
1363392000 132987
1363392000 132987
1363392000 132987
1363392000 132987
1363392000 132987
1363478400 133213
1363478400 133213
1363478400 133213
1363478400 133213
1363478400 133213
1363478400 133213
1363478400 133213
1363564800 133387
1363564800 133387
1363564800 133387
1363564800 133387
1363564800 133387
1363564800 133387
1363564800 133387
1363651200 134051
1363651200 134051
1363651200 134051
1363651200 134051
1363651200 134051
1363651200 134051
1363651200 134051
1363737600 135703
1363737600 135703
1363737600 135703
1363737600 135703
1363737600 135703
1363737600 135703
1363737600 135703
1363737600 135703
1363824000 136958
1363824000 136958
1363824000 136958
1363824000 136958
1363824000 136958
1363824000 136958
1363824000 136958
1363824000 136958
1363910400 137630
1363910400 137630
1363910400 137630
1363910400 137630
1363910400 137630
1363910400 137630
1363996800 138079
1363996800 138079
1363996800 138079
1363996800 138079
1363996800 138079
1363996800 138079
1363996800 138079
1364083200 138302
1364083200 138302
1364083200 138302
1364083200 138302
1364083200 138302
1364083200 138302
1364083200 138302
1364169600 138519
1364169600 138519
1364169600 138519
1364169600 138519
1364169600 138519
1364169600 138519
1364169600 138519
1364169600 138519
1364256000 139103
1364256000 139103
1364256000 139103
1364256000 139103
1364256000 139103
1364256000 139103
1364256000 139103
1364342400 139547
1364342400 139547
1364342400 139547
1364342400 139547
1364342400 139547
1364342400 139547
1364342400 139547
1364428800 140263
1364428800 140263
1364428800 140263
1364428800 140263
1364428800 140263
1364428800 140263
1364428800 140263
1364515200 140796
1364515200 140796
1364515200 140796
1364515200 140796
1364515200 140796
1364515200 140796
1364515200 140796
1364601600 143010
1365465600 141457
1365465600 141457
1365552000 141569
1365552000 141569
1365552000 141569
1365638400 141740
1365638400 141740
1365724800 141856
1365724800 141856
1365724800 141856
1365811200 141999
1365811200 141999
1365897600 142030
1365897600 142030
1365897600 142030
1365984000 139348
1365984000 139348
1366070400 139548
1366070400 139548
1366156800 139718
1366156800 139718
1366156800 139718
1366243200 139897
1366243200 139897
1366329600 140033
1366329600 140033
1366416000 140155
1366416000 140155
1366416000 140155
1366502400 140222
1366502400 140222
1366588800 140273
1366588800 140273
1366588800 140273
1366675200 140407
1366675200 140407
1366761600 140531
1366761600 140531
1366848000 140699
1366848000 140699
1366848000 140699
1366934400 190385
1366934400 190385
1367020800 202973
1367020800 202973
1367020800 202973
1367107200 203033
1367107200 203033
1367193600 203083
1367193600 203083
1367280000 201771
1367280000 201771
1367280000 201771
1367366400 201960
1367366400 201960
1367452800 202013
1367452800 202013
1367452800 202013
1367539200 202208
1367539200 202208
1367625600 202281
1367625600 202281
1367712000 202357
1367712000 202357
1367712000 202357
1367798400 202427
1367798400 202427
1367884800 200856
1367884800 200856
1367884800 200856
1367971200 200905
1367971200 200905
1368057600 201038
1368057600 201038
1368144000 201100
1368144000 201100
1368144000 201100
1368230400 201224
1368230400 201224
1368316800 201284
1368316800 201284
1368316800 201284
1368403200 199265
1368403200 199265
1368489600 199453
1368489600 199453
1368576000 199614
1368576000 199614
1368576000 199614
1368662400 199761
1368662400 199761
1368748800 199868
1368748800 199868
1368835200 199961
1368835200 199961
1368835200 199961
1368921600 200001
1368921600 200001
1369008000 200048
1369008000 200048
1369008000 200048
1369094400 200194
1369094400 200194
1369180800 200359
1369180800 200359
1369267200 200508
1369267200 200508
1369267200 200508
1369353600 200661
1369353600 200661
1369440000 205025
1369440000 205025
1369440000 205025
1369526400 242214
1369526400 242214
1369612800 267074
1369612800 267074
1369699200 285272
1369699200 285272
1369699200 285272
1369785600 326467
1369785600 326467
1369872000 326779
1369872000 326779
1369872000 326779
1369958400 326854
1369958400 326854
1370044800 326946
1370044800 326946
1370044800 326946
1370131200 327015
1370131200 327015
1370217600 327070
1370217600 327070
1370304000 327240
1370304000 327240
1370304000 327240
1370390400 327365
1370390400 327365
1370476800 327499
1370476800 327499
1370476800 327499
1370563200 327531
1370563200 327531
1370649600 327629
1370649600 327629
1370736000 327654
1370736000 327654
1370736000 327654
1370822400 327725
1370822400 327725
1370908800 324540
1370908800 324540
1370908800 324540
1370995200 324612
1370995200 324612
1371081600 324630
1371081600 324630
1371168000 324979
1371168000 324979
1371168000 324979
1371254400 325069
1371254400 325069
1371340800 325123
1371340800 325123
1371427200 325151
1371427200 325151
1371427200 325151
1371513600 325267
1371513600 325267
1371600000 325398
1371600000 325398
1371600000 325398
1371686400 325539
1371686400 325539
1371772800 325521
1371772800 325521
1371859200 325555
1371859200 325555
1371859200 325555
1371945600 325593
1371945600 325593
1372032000 325619
1372032000 325619
1372032000 325619
1372118400 325750
1372118400 325750
1372204800 325922
1372204800 325922
1372291200 326086
1372291200 326086
1372291200 326086
1372377600 326195
1372377600 326195
1372464000 326269
1372464000 326269
1372464000 326269
1372550400 326324
1372550400 326324
1372636800 326375
1372636800 326375
1372636800 326375
1372723200 326547
1372723200 326547
1372809600 326714
1372809600 326714
1372896000 326835
1372896000 326835
1372896000 326835
1372982400 326923
1372982400 326923
1373068800 327032
1373068800 327032
1373068800 327032
1373155200 327086
1373155200 327086
1373241600 327129
1373241600 327129
1373328000 327286
1373328000 327286
1373328000 327286
1373414400 327380
1373414400 327380
1373500800 327475
1373500800 327475
1373500800 327475
1373587200 327576
1373587200 327576
1373673600 327628
1373673600 327628
1373760000 327679
1373760000 327679
1373760000 327679
1373846400 324685
1373846400 324685
1373932800 324840
1373932800 324840
1373932800 324840
1374019200 324973
1374019200 324973
1374105600 325085
1374105600 325085
1374192000 325172
1374192000 325172
1374192000 325172
1374278400 325232
1374278400 325232
1374364800 325286
1374364800 325286
1374364800 325286
1374451200 325326
1374451200 325326
1374537600 325438
1374537600 325438
1374624000 325528
1374624000 325528
1374624000 325528
1374710400 325606
1374710400 325606
1374796800 325679
1374796800 325679
1374796800 325679
1374883200 325781
1374883200 325781
1374969600 325830
1374969600 325830
1375056000 325869
1375056000 325869
1375056000 325869
1375142400 326027
1375142400 326027
1375228800 326120
1375228800 326120
1375228800 326120
1375315200 326251
1375315200 326251
1375401600 326350
1375401600 326350
1375488000 326470
1375488000 326470
1375488000 326470
1375574400 326518
1375574400 326518
1375660800 326547
1375660800 326547
1375660800 326547
1375747200 326730
1375747200 326730
1375833600 326832
1375833600 326832
1375920000 326960
1375920000 326960
1375920000 326960
1376006400 327111
1376006400 327111
1376092800 327217
1376092800 327217
1376179200 327263
1376179200 327263
1376179200 327263
1376265600 324771
1376265600 324771
1376352000 324945
1376352000 324945
1376352000 324945
1376438400 325085
1376438400 325085
1376524800 325242
1376524800 325242
1376611200 325355
1376611200 325355
1376611200 325355
1376697600 325456
1376697600 325456
1376784000 325488
1376784000 325488
1376784000 325488
1376870400 325538
1376870400 325538
1376956800 325635
1376956800 325635
1377043200 325756
1377043200 325756
1377043200 325756
1377129600 325899
1377129600 325899
1377216000 326037
1377216000 326037
1377216000 326037
1377302400 326145
1377302400 326145
1377388800 326178
1377388800 326178
1377475200 326218
1377475200 326218
1377475200 326218
1377561600 326615
1377561600 326615
1377648000 326786
1377648000 326786
1377648000 326786
1377734400 326981
1377734400 326981
1377820800 327137
1377820800 327137
1377907200 327316
1377907200 327316
1377907200 327316
1377993600 327479
1377993600 327479
1378080000 327684
1409961600 319671
1410048000 319529
1410134400 319370
1410220800 319297
1410307200 319260
1410393600 319154
1410480000 318472
1410566400 317897
1410652800 317271
1410739200 316873
1410825600 316833
1410912000 316623
1410998400 316559
1411084800 316305
1411171200 316004
1411257600 315748
1411344000 315066
1411430400 314772
1411516800 314670
1411603200 314577
1411689600 314205
1411776000 313865
1411862400 313271
1411948800 312749
1412035200 312488
1412121600 312186
1412208000 312033
1412294400 311701
1412380800 311212
1412467200 310676
1412553600 309983
1412640000 309629
1412726400 309353
1412812800 308951
1412899200 307446
1412985600 307078
1413072000 306851
1413158400 306676
1413244800 306599
1413331200 306502
1413417600 306491
1413504000 306467
1413590400 306379
1413676800 306236
1413763200 306111
1413849600 306176
1413936000 306186
1414022400 306154
1414108800 305986
1414195200 305937
1414281600 305822
1414368000 305687
1414454400 308669
1414540800 313669
1414627200 324856
1414713600 343054
1414800000 355327
1414886400 355220
1414972800 355052
1415059200 354974
1415145600 355310
1415232000 355327
1415318400 355188
1415404800 355488
1415491200 355221
1415577600 355007
1415664000 355005
1415750400 355071
1415836800 355219
1415923200 355277
1416009600 355298
1416096000 355248
1416182400 355172
1416268800 355237
1416355200 355313
1416441600 355389
1416528000 355430
1416614400 355421
1416700800 355361
1416787200 355269
1416873600 355352
1416960000 355469
1417046400 355558
1417132800 355623
1417219200 355649
1417305600 355599
1417392000 355501
1417478400 355541
1417564800 355570
1417651200 355733
1417737600 355805
1417737600 355805
1417737600 355805
1417737600 355805
1417737600 355805
1417737600 355805
1417737600 355805
