1336608000 136555
1336694400 136683
1336780800 136772
1336867200 136834
1336953600 134230
1337040000 134461
1337126400 134632
1337212800 134797
1337299200 134866
1337385600 134986
1337472000 135029
1337558400 135091
1337644800 135232
1337731200 135428
1337817600 135531
1337904000 135635
1337990400 135739
1338076800 135784
1338163200 135848
1338249600 136005
1338336000 136140
1338422400 136285
1338508800 136410
1338595200 136541
1338681600 136608
1338768000 136661
1338854400 136795
1338940800 136892
1339027200 136956
1339113600 137056
1339200000 137137
1339286400 137182
1339372800 135369
1339459200 135541
1339545600 135719
1339632000 135846
1339718400 135951
1339804800 136036
1339891200 136106
1339977600 136174
1340064000 136329
1340150400 136479
1340236800 136604
1340323200 136671
1340409600 136706
1340496000 136771
1340582400 136807
1340668800 136477
1340755200 136621
1340841600 136740
1340928000 161445
1341014400 139238
1341100800 137021
1341187200 137107
1341273600 137205
1341360000 137392
1341446400 137476
1341532800 137554
1341619200 137685
1341705600 137776
1341792000 137838
1341878400 137927
1341964800 135975
1342051200 136266
1342137600 136383
1342224000 136504
1342310400 136590
1342396800 136625
1342483200 136749
1342569600 136885
1342656000 136955
1342742400 137104
1342828800 137220
1342915200 137269
1343001600 137307
1343088000 137376
1343174400 137451
1343260800 137602
1343347200 137691
1343433600 137730
1343520000 137782
1343606400 137821
1343692800 137952
1343779200 138060
1343865600 138184
1343952000 138273
1344038400 138355
1344124800 138388
1344211200 138412
1344297600 138558
1344384000 138720
