1341323224 304477
1344283197 304477
1344283199 304477
1344283328 304477
1344283395 304477
1344283574 304477
1344284776 304477
1344285978 304477
1344287180 304477
1344288382 304477
1344289584 304477
1344290786 304477
1344291988 304477
1344293190 304477
1344294392 304477
1344295594 304477
1344296796 304477
1344297998 304477
1344299200 304477
1344300402 304477
1344301604 304477
1344302808 304477
1344304010 304477
1344305212 304477
1344306414 304477
1344307616 304477
1344308818 304477
1344310020 304477
1344311221 304477
1344312424 304477
1344313626 304477
1344314828 304477
1344316030 304405
1344317232 304405
1344318434 304405
1344319635 304405
1344320837 304405
1344322039 304405
1344323241 304405
1344324443 304405
1344325645 304405
1344326847 304405
1344328049 304405
1344329251 304405
1344330453 304405
1344331655 304405
1344332857 304405
1344334059 304405
1344335260 304405
1344336462 304405
1344337664 304405
1344338866 304405
1344340068 304405
1344341270 304405
1344342472 304405
1344343673 304405
1344344875 304405
1344346076 304405
1344347278 304405
1344348480 304405
1344349683 304405
1344350885 304405
1344352087 304405
1344353289 304405
1344354491 304405
1344355693 304405
1344356895 304405
1344358097 304405
1344359299 304405
1344360501 304405
1344361703 304405
1344362905 304405
1344364106 304405
1344365308 304405
1344366511 304405
1344367712 304405
1344368914 304405
1344370116 304405
1344371318 304405
1344372520 304405
1344373722 304405
1344374924 304405
1344376126 304405
1344377328 304405
1344378530 304405
1344379731 304405
1344380934 304405
1344382136 304405
1344383338 304405
1344384542 304405
1344385744 304405
1344386946 304405
1344388147 304405
1344389349 304405
1344390552 304405
1344391754 304405
1344392956 304405
1344394157 304405
1344395359 304405
1344396561 304405
1344397763 304405
1344398965 304405
1344400167 304405
1344401369 304405
1344402571 304802
1344403773 304802
1344404974 304802
1344406176 304802
1344407113 304802
1344407130 304802
1344408331 304802
1344409533 304802
1344410735 304802
1344411937 304802
1344413139 304802
1344414341 304802
1344415543 304802
1344416745 304802
1344417946 304802
1344419149 304802
1344420351 304802
1344421553 304802
1344422755 304802
1344423957 304802
1344424561 304802
1344425763 304802
1344426966 304802
1344428170 304802
1344429373 304802
1344430575 304802
1344431777 304802
1344432979 304802
1344434181 304802
1344435383 304802
1344436585 304802
1344437786 304802
1344438988 304802
1344440190 304802
1344441392 304802
1344442594 304802
1344443796 304802
1344444997 304802
1344446199 304802
1344447401 304802
1344448602 304802
1344449804 304802
1344451006 304802
1344452208 304802
1344453410 304802
1344454612 304802
1344455814 304802
1344457016 304802
1344458217 304802
1344459419 304802
1344460621 304802
1344461823 304802
1344463024 304802
1344464226 304802
1344465428 304802
1344466630 304802
1344467832 304802
1344469034 304802
1344470236 304802
1344471438 304802
1344472640 304802
1344473842 304802
1344475043 304802
1344476245 304802
1344477447 304802
1344478649 304802
1344479851 304802
1344481052 304802
1344482254 304802
1344483456 304802
1344484658 304802
1344485860 304802
1344487062 304802
1344488264 304802
1344489465 305425
1344490667 305425
1344491869 305425
1344493071 305425
1344494273 305425
1344495475 305425
1344496679 305425
1344497881 305425
1344499083 305425
1344500285 305425
1344501487 305425
1344502688 305425
1344503890 305425
1344505092 305425
1344506294 305425
1344507497 305425
1344508698 305425
1344509900 305425
1344511102 305425
1344512304 305425
1344513506 305425
1344514708 305425
1344515910 305425
1344517114 305425
1344518316 305425
1344519517 305425
1344520722 305425
1344521923 305425
1344523125 305425
1344524327 305425
1344525529 305425
1344526731 305425
1344527932 305425
1344529134 305425
1344530336 305425
1344531538 305425
1344532740 305425
1344533942 305425
1344535146 305425
1344536348 305425
1344537551 305425
1344538754 305425
1344539956 305425
1344541158 305425
1344542360 305425
1344543562 305425
1344544764 305425
1344545966 305425
1344547168 305425
1344548370 305425
1344549572 305425
1344550774 305425
1344551978 305425
1344553181 305425
1344554382 305425
1344555584 305425
1344556786 305425
1344557988 305425
1344559190 305425
1344560392 305425
1344561594 305425
1344562796 305425
1344563998 305425
1344565202 305425
1344566404 305425
1344567606 305425
1344568810 305425
1344570012 305425
1344571215 305425
1344572417 305425
1344573619 305425
1344574821 305425
1344576023 305760
1344577225 305760
1344578428 305760
1344579630 305760
1344580832 305760
1344582033 305760
1344583235 305760
1344584437 305760
1344585639 305760
1344586841 305760
1344588043 305760
1344589245 305760
1344590447 305760
1344591649 305760
1344592851 305760
1344594052 305760
1344595254 305760
1344596456 305760
1344597658 305760
1344598860 305760
1344600063 305760
1344601264 305760
1344602467 305760
1344603669 305760
1344604871 305760
1344606073 305760
1344607275 305760
1344608477 305760
1344609679 305760
1344610881 305760
1344612083 305760
1344613285 305760
1344614486 305760
1344615688 305760
1344616890 305760
1344618092 305760
1344619294 305760
1344620496 305760
1344621698 305760
1344622900 305760
1344624102 305760
1344625304 305760
1344626505 305760
1344627707 305760
1344628909 305760
1344630111 305760
1344631313 305760
1344632515 305760
1344633718 305760
1344634920 305760
1344636122 305760
1344637324 305760
1344638526 305760
1344639728 305760
1344640929 305760
1344642131 305760
1344643334 305760
1344644536 305760
1344645738 305760
1344646940 305760
1344648142 305760
1344649345 305760
1344650703 305760
1344651905 305760
1344653110 305760
1344654311 305760
1344655513 305760
1344656715 305760
1344657917 305760
1344659120 305760
1344660322 305760
1344661524 306220
1344662726 306220
1344663927 306220
1344665129 306220
1344666331 306220
1344667533 306220
1344668735 306220
1344669937 306220
1344671139 306220
1344672341 306220
1344673543 306220
1344674745 306220
1344675947 306220
1344677149 306220
1344678350 306220
1344679552 306220
1344680754 306220
1344681956 306220
1344683158 306220
1344684360 306220
1344685562 306220
1344686764 306220
1344687966 306220
1344689168 306220
1344690370 306220
1344691572 306220
1344692774 306220
1344693976 306220
1344695178 306220
1344696380 306220
1344697582 306220
1344698784 306220
1344699986 306220
1344701188 306220
1344702390 306220
1344703592 306220
1344704794 306220
1344705996 306220
1344707198 306220
1344708400 306220
1344709602 306220
1344710803 306220
1344712005 306220
1344713207 306220
1344714409 306220
1344715611 306220
1344716813 306220
1344718015 306220
1344719217 306220
1344720419 306220
1344721621 306220
1344722822 306220
1344724026 306220
1344725228 306220
1344726430 306220
1344727633 306220
1344728835 306220
1344730038 306220
1344731240 306220
1344732441 306220
1344733643 306220
1344734845 306220
1344736047 306220
1344737250 306220
1344738451 306220
1344739653 306220
1344740855 306220
1344742057 306220
1344743262 306220
1344744464 306220
1344745666 306220
1344746867 306220
1344748069 306670
1344749271 306670
1344750473 306670
1344751677 306670
1344752879 306670
1344754081 306670
1344755286 306670
1344756488 306670
1344757690 306670
1344758892 306670
1344760094 306670
1344761296 306670
1344762498 306670
1344763700 306670
1344764902 306670
1344766104 306670
1344767306 306670
1344768508 306670
1344769710 306670
1344770912 306670
1344772114 306670
1344773316 306670
1344774518 306670
1344775720 306670
1344776922 306670
1344778124 306670
1344779326 306670
1344780528 306670
1344781730 306670
1344782932 306670
1344784134 306670
1344785335 306670
1344786537 306670
1344787739 306670
1344788941 306670
1344790143 306670
1344791345 306670
1344792547 306670
1344793749 306670
1344794950 306670
1344796152 306670
1344797354 306670
1344798557 306670
1344799759 306670
1344800961 306670
1344802163 306670
1344803365 306670
1344804567 306670
1344805771 306670
1344806973 306670
1344808175 306670
1344809377 306670
1344810579 306670
1344811781 306670
1344812983 306670
1344814184 306670
1344815386 306670
1344816588 306670
1344817790 306670
1344818992 306670
1344820194 306670
1344821396 306670
1344822598 306670
1344823800 306670
1344825003 306670
1344826205 306670
1344827407 306670
1344828609 306670
1344829811 306670
1344831013 306670
1344832214 306670
1344833416 306670
1344834618 307070
1344835820 307070
1344837024 307070
1344838226 307070
1344839428 307070
1344840630 307070
1344841832 307070
1344843033 307070
1344844235 307070
1344845437 307070
1344846639 307070
1344847841 307070
1344849043 307070
1344850245 307070
1344851447 307070
1344852649 307070
1344853851 307070
1344855053 307070
1344856255 307070
1344857457 307070
1344858658 307070
1344859861 307070
1344861062 307070
1344862264 307070
1344863466 307070
1344864668 307070
1344865870 307070
1344867072 307070
1344868274 307070
1344869476 307070
1344870678 307070
1344871879 307070
1344873081 307070
1344874284 307070
1344875485 307070
1344876688 307070
1344877890 307070
1344879094 307070
1344880295 307070
1344881497 307070
1344882699 307070
1344883901 307070
1344885103 307070
1344886305 307070
1344887507 307070
1344888709 307070
1344889911 307070
1344891113 307070
1344892315 307070
1344893516 307070
1344894718 307070
1344895920 307070
1344897122 307070
1344898324 307070
1344899525 307070
1344900727 307070
1344901929 307070
1344903131 307070
1344904333 307070
1344905534 307070
1344906736 307070
1344907938 307070
1344909140 307070
1344910342 307070
1344911543 307070
1344912745 307070
1344913947 307070
1344915149 307070
1344916351 307070
1344917553 307070
1344918758 307070
1344919960 307070
1344921162 307002
1344922364 307002
1344923566 307002
1344924767 307002
1344925970 307002
1344927172 307002
1344928374 307002
1344929575 307002
1344930777 307002
1344931979 307002
1344933181 307002
1344934383 307002
1344935584 307002
1344936786 307002
1344937988 307002
1344939190 307002
1344940392 307002
1344941594 307002
1344942796 307002
1344943997 307002
1344945199 307002
1344946401 307002
1344947603 307002
1344948805 307002
1344950007 307002
1344951208 307002
1344952410 307002
1344953613 307002
1344954814 307002
1344956016 307002
1344957218 307002
1344958420 307002
1344959622 307002
1344960823 307002
1344962025 307002
1344963227 307002
1344964429 307002
1344965631 307002
1344966833 307002
1344968035 307002
1344969236 307002
1344970438 307002
1344971640 307002
1344972841 307002
1344974043 307002
1344975246 307002
1344976447 307002
1344977649 307002
1344978851 307002
1344980053 307002
1344981255 307002
1344982459 307002
1344983661 307002
1344984865 307002
1344986067 307002
1344987269 307002
1344988471 307002
1344989675 307002
1344990877 307002
1344992079 307002
1344993281 307002
1344994483 307002
1344995685 307002
1344996887 307002
1344998088 307002
1344999290 307002
1345000492 307002
1345001693 307002
1345002895 307002
1345004097 307002
1345005299 307002
1345006501 307002
1345007703 307325
1345008904 307325
1345010106 307325
1345011309 307325
1345012511 307325
1345013712 307325
1345014914 307325
1345016117 307325
1345017318 307325
1345018520 307325
1345019722 307325
1345020924 307325
1345022125 307325
1345023328 307325
1345024529 307325
1345025732 307325
1345026933 307325
1345028135 307325
1345029337 307325
1345030538 307325
1345031740 307325
1345032942 307325
1345034143 307325
1345035345 307325
1345036547 307325
1345037748 307325
1345038952 307325
1345040154 307325
1345041355 307325
1345042558 307325
1345043760 307325
1345044962 307325
1345046163 307325
1345047365 307325
1345048567 307325
1345049769 307325
1345050971 307325
1345052173 307325
1345053375 307325
1345054577 307325
1345055778 307325
1345056980 307325
1345058181 307325
1345059384 307325
1345060586 307325
1345061787 307325
1345062989 307325
1345064191 307325
1345065393 307325
1345066595 307325
1345067797 307325
1345068998 307325
1345070200 307325
1345071402 307325
1345072604 307325
1345073806 307325
1345075007 307325
1345076209 307325
1345077411 307325
1345078613 307325
1345079815 307325
1345081017 307325
1345082218 307325
1345083420 307325
1345084622 307325
1345085823 307325
1345087027 307325
1345088229 307325
1345089431 307325
1345090632 307325
1345091834 307325
1345093036 307325
1345094238 307770
1345095440 307770
1345096641 307770
1345097843 307770
1345099045 307770
1345100247 307770
1345101449 307770
1345102651 307770
1345149179 307770
1345150381 307770
1345151584 307770
1345152785 307770
1345153987 307770
1345155189 307770
1345156391 307770
1345157593 307770
1345158795 307770
1345159996 307770
1345161198 307770
1345162400 307770
1345163602 307770
1345164803 307770
1345166005 307770
1345167206 307770
1345168409 307770
1345169610 307770
1345170813 307770
1345172014 307770
1345173216 307770
1345174418 307770
1345175620 307770
1345176822 307770
1345178023 307770
1345179225 307770
1345180427 308231
1345180945 308231
1345182149 308231
1345183352 308231
1345184556 308231
1345185760 308231
1345186964 308231
1345188167 308231
1345189371 308231
1345190575 308231
1345191778 308231
1345192982 308231
1345194186 308231
1345195391 308231
1345196595 308231
1345197799 308231
1345199002 308231
1345200206 308231
1345201410 308231
1345202613 308231
1345203817 308231
1345205021 308231
1345206224 308231
1345207429 308231
1345208633 308231
1345209836 308231
1345211040 308231
1345212244 308231
1345213449 308231
1345214652 308231
1345215856 308231
1345217060 308231
1345218263 308231
1345219467 308231
1345220671 308231
1345221875 308231
1345223078 308231
1345224282 308231
1345225486 308231
1345226690 308231
1345227893 308231
1345229097 308231
1345230300 308231
1345231505 308231
1345232709 308231
1345233913 308231
1345235116 308231
1345236320 308231
1345237524 308231
1345238728 308231
1345239932 308231
1345241135 308231
1345242340 308231
1345243543 308231
1345244747 308231
1345245951 308231
1345247157 308231
1345248361 308231
1345249565 308231
1345250769 308231
1345251972 308231
1345253176 308231
1345254380 308231
1345255584 308231
1345256788 308231
1345257992 308231
1345259196 308231
1345260400 308231
1345261603 308231
1345262807 308231
1345264011 308231
1345265215 308231
1345266418 309185
1345267622 309185
1345268826 309185
1345270031 309185
1345271235 309185
1345272438 309185
1345273642 309185
1345274846 309185
1345276050 309185
1345277253 309185
1345278457 309185
1345279661 309185
1345280865 309185
1345282068 309185
1345283272 309185
1345284476 309185
1345285680 309185
1345286883 309185
1345288087 309185
1345289291 309185
1345290495 309185
1345291699 309185
1345292903 309185
1345294107 309185
1345295310 309185
1345296514 309185
1345297718 309185
1345298921 309185
1345300125 309185
1345301329 309185
1345302532 309185
1345303736 309185
1345304939 309185
1345306144 309185
1345307350 309185
1345308553 309185
1345309757 309185
1345310961 309185
1345312164 309185
1345313368 309185
1345314572 309185
1345315776 309185
1345316979 309185
1345318183 309185
1345319387 309185
1345320590 309185
1345321794 309185
1345322998 309185
1345324201 309185
1345325405 309185
1345326609 309185
1345327813 309185
1345329017 309185
1345330221 309185
1345331425 309185
1345332631 309185
1345333835 309185
1345335038 309185
1345336242 309185
1345337445 309185
1345338649 309185
1345339853 309185
1345341057 309185
1345342261 309185
1345343464 309185
1345344668 309185
1345345872 309185
1345347075 309185
1345348279 309185
1345349486 309185
1345350690 309185
1345351896 309185
1345353099 309676
1345354303 309676
1345355507 309676
1345356711 309676
1345357914 309676
1345359118 309676
1345360322 309676
1345361525 309676
1345362730 309676
1345363933 309676
1345365137 309676
1345366340 309676
1345367544 309676
1345368748 309676
1345369952 309676
1345371155 309676
1345372361 309676
1345373565 309676
1345374769 309676
1345375972 309676
1345377176 309676
1345378379 309676
1345379584 309676
1345380787 309676
1345381991 309676
1345383195 309676
1345384402 309676
1345385606 309676
1345386809 309676
1345388013 309676
1345389217 309676
1345390421 309676
1345391625 309676
1345392828 309676
1345394039 309676
1345395243 309676
1345396447 309676
1345397651 309676
1345398857 309676
1345400061 309676
1345401265 309676
1345402469 309676
1345403672 309676
1345404875 309676
1345406081 309676
1345407285 309676
1345408488 309676
1345409692 309676
1345410895 309676
1345412099 309676
1345413303 309676
1345414506 309676
1345415711 309676
1345416915 309676
1345418119 309676
1345419325 309676
1345420531 309676
1345421734 309676
1345422938 309676
1345424142 309676
1345425346 309676
1345426550 309676
1345427754 309676
1345428960 309676
1345430164 309676
1345431367 309676
1345432574 309676
1345433778 309676
1345434982 309676
1345436185 309676
1345437389 309676
1345438593 309676
1345439797 310261
1345441000 310261
1345442204 310261
1345443408 310261
1345444612 310261
1345445816 310261
1345447020 310261
1345448223 310261
1345449427 310261
1345450631 310261
1345451834 310261
1345453040 310261
1345454243 310261
1345455447 310261
1345456651 310261
1345457854 310261
1345459058 310261
1345460262 310261
1345461466 310261
1345462670 310261
1345463874 310261
1345465078 310261
1345466282 310261
1345467485 310261
1345468689 310261
1345469893 310261
1345471097 310261
1345472301 310261
1345473505 310261
1345474709 310261
1345475912 310261
1345477116 310261
1345478320 310261
1345479524 310261
1345480728 310261
1345481932 310261
1345483136 310261
1345484340 310261
1345485543 310261
1345486747 310261
1345487951 310261
1345489155 310261
1345490359 310261
1345491562 310261
1345492766 310261
1345493970 310261
1345495174 310261
1345496378 310261
1345497582 310261
1345498786 310261
1345499989 310261
1345501193 310261
1345502397 310261
1345503601 310261
1345504805 310261
1345506009 310261
1345507213 310261
1345508417 310261
1345509620 310261
1345510826 310261
1345512030 310261
1345513234 310261
1345514437 310261
1345515641 310261
1345516845 310261
1345518049 310261
1345519253 310261
1345520457 310261
1345521661 310261
1345522869 310261
1345524074 310261
1345525278 310293
1345526481 310293
1345527686 310293
1345528890 310293
1345530093 310293
1345531297 310293
1345532501 310293
1345533705 310293
1345534909 310293
1345536112 310293
1345537316 310293
1345538520 310293
1345539724 310293
1345540927 310293
1345542132 310293
1345543336 310293
1345544540 310293
1345545743 310293
1345546947 310293
1345548150 310293
1345549354 310293
1345550558 310293
1345551762 310293
1345552965 310293
1345554170 310293
1345555373 310293
1345556577 310293
1345557781 310293
1345558986 310293
1345560189 310293
1345561393 310293
1345562597 310293
1345563801 310293
1345565004 310293
1345566208 310293
1345567412 310293
1345568616 310293
1345569821 310293
1345571024 310293
1345572229 310293
1345573433 310293
1345574637 310293
1345575841 310293
1345577045 310293
1345578249 310293
1345579453 310293
1345580659 310293
1345581862 310293
1345583066 310293
1345584270 310293
1345585474 310293
1345586678 310293
1345587882 310293
1345589086 310293
1345590289 310293
1345591493 310293
1345592698 310293
1345593901 310293
1345595105 310293
1345596312 310293
1345597516 310293
1345598720 310293
1345599923 310293
1345601127 310293
1345602331 310293
1345603535 310293
1345604739 310293
1345605943 310293
1345607146 310293
1345608351 310293
1345609558 310293
1345610761 310293
1345611965 311012
1345613172 311012
1345614375 311012
1345615579 311012
1345616783 311012
1345617987 311012
1345619191 311012
1345620395 311012
1345621598 311012
1345622802 311012
1345624006 311012
1345625210 311012
1345626415 311012
1345627619 311012
1345628822 311012
1345630026 311012
1345631229 311012
1345632433 311012
1345633637 311012
1345634841 311012
1345636045 311012
1345637249 311012
1345638453 311012
1345639657 311012
1345640861 311012
1345642064 311012
1345643268 311012
1345644472 311012
1345645676 311012
1345646880 311012
1345648084 311012
1345649288 311012
1345650492 311012
1345651695 311012
1345652899 311012
1345654103 311012
1345655306 311012
1345656510 311012
1345657714 311012
1345658918 311012
1345660122 311012
1345661326 311012
1345662530 311012
1345663734 311012
1345664938 311012
1345666142 311012
1345667345 311012
1345668549 311012
1345669753 311012
1345670957 311012
1345672161 311012
1345673366 311012
1345674569 311012
1345675773 311012
1345676977 311012
1345678181 311012
1345679385 311012
1345680592 311012
1345681796 311012
1345683000 311012
1345684203 311012
1345685407 311012
1345686611 311012
1345687817 311012
1345689021 311012
1345690225 311012
1345691428 311012
1345692632 311012
1345693836 311012
1345695040 311012
1345696243 311012
1345697447 311012
1345698651 311538
1345699855 311538
1345701058 311538
1345702262 311538
1345703468 311538
1345704672 311538
1345705876 311538
1345707080 311538
1345708284 311538
1345709487 311538
1345710691 311538
1345711895 311538
1345713099 311538
1345714303 311538
1345715506 311538
1345716711 311538
1345717914 311538
1345719118 311538
1345720322 311538
1345721526 311538
1345722730 311538
1345723934 311538
1345725137 311538
1345726341 311538
1345727544 311538
1345728748 311538
1345729952 311538
1345731156 311538
1345732360 311538
1345733564 311538
1345734768 311538
1345735972 311538
1345737176 311538
1345738380 311538
1345739584 311538
1345740788 311538
1345741992 311538
1345743196 311538
1345744400 311538
1345745604 311538
1345746808 311538
1345748012 311538
1345749216 311538
1345750420 311538
1345751624 311538
1345752828 311538
1345754032 311538
1345755235 311538
1345755939 311538
1345757144 311538
1345758347 311538
1345759551 311538
1345760755 311538
1345761960 311538
1345763164 311538
1345764368 311538
1345765572 311538
1345766776 311538
1345767979 311538
1345769184 311538
1345770388 311538
1345771592 311538
1345772796 311538
1345774000 311538
1345775204 311538
1345776408 311538
1345777613 311538
1345778817 311538
1345780021 311538
1345781225 311538
1345782429 311538
1345783633 311538
1345784839 311994
1345786044 311994
1345787247 311994
1345788451 311994
1345789655 311994
1345790858 311994
1345792062 311994
1345793266 311994
1345794470 311994
1345795674 311994
1345796878 311994
1345798082 311994
1345799285 311994
1345800489 311994
1345801693 311994
1345802897 311994
1345804101 311994
1345805305 311994
1345806509 311994
1345807713 311994
1345808916 311994
1345810120 311994
1345811324 311994
1345812530 311994
1345813733 311994
1345814938 311994
1345816141 311994
1345817346 311994
1345818549 311994
1345819753 311994
1345820957 311994
1345822161 311994
1345823365 311994
1345824569 311994
1345825773 311994
1345826976 311994
1345828180 311994
1345829384 311994
1345830588 311994
1345831792 311994
1345832995 311994
1345834199 311994
1345835404 311994
1345836608 311994
1345837812 311994
1345839018 311994
1345840222 311994
1345841426 311994
1345842630 311994
1345843833 311994
1345845037 311994
1345846241 311994
1345847445 311994
1345848649 311994
1345849852 311994
1345851056 311994
1345852260 311994
1345853464 311994
1345854668 311994
1345855872 311994
1345857076 311994
1345858280 311994
1345859483 311994
1345860687 311994
1345861894 311994
1345863100 311994
1345864304 311994
1345865508 311994
1345866711 311994
1345867915 311994
1345869119 311994
1345870323 311994
1345871526 312487
1345872730 312487
1345873934 312487
1345875138 312487
1345876342 312487
1345877545 312487
1345878749 312487
1345879953 312487
1345881157 312487
1345882361 312487
1345883565 312487
1345884768 312487
1345885972 312487
1345887176 312487
1345888380 312487
1345889583 312487
1345890787 312487
1345891991 312487
1345893195 312487
1345894400 312487
1345895603 312487
1345896807 312487
1345898011 312487
1345899215 312487
1345900418 312487
1345901622 312487
1345902826 312487
1345904030 312487
1345905233 312487
1345906436 312487
1345907640 312487
1345908844 312487
1345910048 312487
1345911252 312487
1345912456 312487
1345913660 312487
1345914863 312487
1345916068 312487
1345917272 312487
1345918476 312487
1345919679 312487
1345920883 312487
1345922087 312487
1345923291 312487
1345924496 312487
1345925700 312487
1345926904 312487
1345928108 312487
1345929311 312487
1345930516 312487
1345931720 312487
1345932923 312487
1345934127 312487
1345935331 312487
1345936535 312487
1345937739 312487
1345938943 312487
1345940147 312487
1345941351 312487
1345942555 312487
1345943759 312487
1345944963 312487
1345946167 312487
1345947371 312487
1345948574 312487
1345949778 312487
1345950982 312487
1345952186 312487
1345953391 312487
1345954594 312487
1345955799 312487
1345957003 312487
1345958206 312931
1345959410 312931
1345960614 312931
1345961818 312931
1345963021 312931
1345964225 312931
1345965429 312931
1345966636 312931
1345967839 312931
1345969043 312931
1345970247 312931
1345971451 312931
1345972655 312931
1345973858 312931
1345975062 312931
1345976266 312931
1345977469 312931
1345978674 312931
1345979878 312931
1345981081 312931
1345982285 312931
1345983488 312931
1345984692 312931
1345985897 312931
1345987101 312931
1345988305 312931
1345989509 312931
1345990713 312931
1345991916 312931
1345993120 312931
1345994324 312931
1345995528 312931
1345996732 312931
1345997936 312931
1345999140 312931
1346000343 312931
1346001547 312931
1346002751 312931
1346003955 312931
1346005158 312931
1346006362 312931
1346007566 312931
1346008770 312931
1346009973 312931
1346011177 312931
1346012381 312931
1346013585 312931
1346014788 312931
1346015993 312931
1346017197 312931
1346018401 312931
1346019605 312931
1346020809 312931
1346022013 312931
1346023217 312931
1346024421 312931
1346025626 312931
1346026830 312931
1346028034 312931
1346029238 312931
1346030442 312931
1346031646 312931
1346032850 312931
1346034054 312931
1346035257 312931
1346036464 312931
1346037669 312931
1346038873 312931
1346040080 312931
1346041284 312931
1346042489 312931
1346043693 313305
1346044897 313305
1346046101 313305
1346047304 313305
1346048508 313305
1346049712 313305
1346050915 313305
1346052119 313305
1346053323 313305
1346054526 313305
1346055730 313305
1346056934 313305
1346058140 313305
1346059343 313305
1346060547 313305
1346061753 313305
1346062956 313305
1346064160 313305
1346065365 313305
1346066569 313305
1346067773 313305
1346068977 313305
1346070180 313305
1346071384 313305
1346072588 313305
1346073792 313305
1346074996 313305
1346076200 313305
1346077404 313305
1346078608 313305
1346079812 313305
1346081016 313305
1346082220 313305
1346083425 313305
1346084632 313305
1346085836 313305
1346087040 313305
1346088243 313305
1346089448 313305
1346090652 313305
1346091856 313305
1346093060 313305
1346094264 313305
1346095468 313305
1346096672 313305
1346097875 313305
1346099080 313305
1346100283 313305
1346101487 313305
1346102691 313305
1346103895 313305
1346105098 313305
1346106303 313305
1346107507 313305
1346108711 313305
1346109915 313305
1346111119 313305
1346112323 313305
1346113527 313305
1346114747 313305
1346115954 313305
1346117160 313305
1346118366 313305
1346119584 313305
1346120789 313305
1346121997 313305
1346123203 313305
1346124408 313305
1346125614 313305
1346126820 313305
1346128025 313305
1346129233 313305
1346130437 313348
1346131644 313348
1346132851 313348
1346134057 313348
1346135261 313348
1346136464 313348
1346137668 313348
1346138872 313348
1346140076 313348
1346141280 313348
1346142484 313348
1346143688 313348
1346144892 313348
1346146095 313348
1346147304 313348
1346148508 313348
1346149712 313348
1346150916 313348
1346152122 313348
1346153326 313348
1346154530 313348
1346155742 313348
1346156953 313348
1346158162 313348
1346159374 313348
1346160579 313348
1346161783 313348
1346162988 313348
1346164192 313348
1346165396 313348
1346166599 313348
1346167803 313348
1346169009 313348
1346170213 313348
1346171418 313348
1346172622 313348
1346173825 313348
1346175029 313348
1346176234 313348
1346177437 313348
1346178641 313348
1346179845 313348
1346181049 313348
1346182252 313348
1346183456 313348
1346184660 313348
1346185864 313348
1346187068 313348
1346188272 313348
1346189476 313348
1346190680 313348
1346191884 313348
1346193088 313348
1346194292 313348
1346195496 313348
1346196700 313348
1346197903 313348
1346199107 313348
1346200311 313348
1346201515 313348
1346202719 313348
1346203923 313348
1346205127 313348
1346206331 313348
1346207535 313348
1346208739 313348
1346209943 313348
1346211147 313348
1346212351 313348
1346213555 313348
1346214759 313348
1346215963 313348
1346217167 313963
1346218371 313963
1346219575 313963
1346220779 313963
1346221982 313963
1346223186 313963
1346224390 313963
1346225593 313963
1346226798 313963
1346228003 313963
1346229206 313963
1346230411 313963
1346231615 313963
1346232818 313963
1346234022 313963
1346235226 313963
1346236429 313963
1346237633 313963
1346238837 313963
1346240041 313963
1346241245 313963
1346242449 313963
1346243653 313963
1346244856 313963
1346246060 313963
1346247265 313963
1346248469 313963
1346249673 313963
1346250876 313963
1346252080 313963
1346253284 313963
1346254488 313963
1346255692 313963
1346256896 313963
1346258100 313963
1346259304 313963
1346260508 313963
1346261712 313963
1346262917 313963
1346264121 313963
1346265324 313963
1346266528 313963
1346267732 313963
1346268936 313963
1346270140 313963
1346271344 313963
1346272548 313963
1346273752 313963
1346274956 313963
1346276160 313963
1346277364 313963
1346278568 313963
1346279772 313963
1346280976 313963
1346282182 313963
1346283386 313963
1346284589 313963
1346285793 313963
1346286997 313963
1346288201 313963
1346289405 313963
1346290609 313963
1346291813 313963
1346293018 313963
1346294222 313963
1346295426 313963
1346296630 313963
1346297834 313963
1346299037 313963
1346300241 313963
1346301445 313963
1346302649 313963
1346303853 314525
1346305057 314525
1346306261 314525
1346307465 314525
1346308670 314525
1346309874 314525
1346311078 314525
1346312282 314525
1346313486 314525
1346314690 314525
1346315894 314525
1346317098 314525
1346318302 314525
1346319506 314525
1346320711 314525
1346321915 314525
1346323119 314525
1346324323 314525
1346325527 314525
1346326730 314525
1346327934 314525
1346329138 314525
1346330342 314525
1346331546 314525
1346332749 314525
1346333953 314525
1346335158 314525
1346336362 314525
1346337566 314525
1346338770 314525
1346339974 314525
1346341178 314525
1346342382 314525
1346343586 314525
1346344799 314525
1346346002 314525
1346347206 314525
1346348411 314525
1346349615 314525
1346350819 314525
1346352023 314525
1346353227 314525
1346354431 314525
1346355635 314525
1346356838 314525
1346358043 314525
1346359247 314525
1346360451 314525
1346361654 314525
1346362858 314525
1346364064 314525
1346365268 314525
1346366472 314525
1346367675 314525
1346368879 314525
1346370084 314525
1346371287 314525
1346372491 314525
1346373695 314525
1346374899 314525
1346376103 314525
1346377310 314525
1346378753 314525
1346379957 314525
1346381161 314525
1346382364 314525
1346383571 314525
1346384774 314525
1346385978 314525
1346387182 314525
1346388386 314525
1346389591 315123
1346390794 315123
1346391998 315123
1346393202 315123
1346394406 315123
1346395611 315123
1346396814 315123
1346398018 315123
1346399222 315123
1346400427 315123
1346401631 315123
1346402834 315123
1346404038 315123
1346405243 315123
1346406446 315123
1346407651 315123
1346408855 315123
1346410058 315123
1346411263 315123
1346412467 315123
1346413671 315123
1346414875 315123
1346416078 315123
1346417282 315123
1346418486 315123
1346419690 315123
1346420894 315123
1346422099 315123
1346423303 315123
1346424507 315123
1346425711 315123
1346426915 315123
1346428119 315123
1346429323 315123
1346430526 315123
1346431730 315123
1346432934 315123
1346434138 315123
1346435344 315123
1346436548 315123
1346437752 315123
1346438956 315123
1346440160 315123
1346441364 315123
1346442568 315123
1346443771 315123
1346444975 315123
1346446179 315123
1346447383 315123
1346448587 315123
1346449791 315123
1346450995 315123
1346452199 315123
1346453403 315123
1346454607 315123
1346455811 315123
1346457014 315123
1346458218 315123
1346459422 315123
1346460626 315123
1346461830 315123
1346463034 315123
1346464238 315123
1346465442 315123
1346466646 315123
1346467850 315123
1346469055 315123
1346470259 315123
1346471463 315123
1346472667 315123
1346473871 315123
1346475075 315123
1346476279 315761
1346477483 315761
1346478687 315761
1346479891 315761
1346481094 315761
1346482298 315761
1346483502 315761
1346484706 315761
1346485910 315761
1346487114 315761
1346488318 315761
1346489522 315761
1346490726 315761
1346491930 315761
1346493134 315761
1346494337 315761
1346495541 315761
1346496745 315761
1346497949 315761
1346499153 315761
1346500357 315761
1346501560 315761
1346502765 315761
1346503969 315761
1346505172 315761
1346506376 315761
1346507580 315761
1346508784 315761
1346509990 315761
1346511194 315761
1346512398 315761
1346513602 315761
1346514806 315761
1346516010 315761
1346517214 315761
1346518418 315761
1346519621 315761
1346520826 315761
1346522032 315761
1346523236 315761
1346524440 315761
1346525644 315761
1346526848 315761
1346528052 315761
1346529256 315761
1346530460 315761
1346531664 315761
1346532867 315761
1346534072 315761
1346535276 315761
1346536480 315761
1346537684 315761
1346538888 315761
1346540091 315761
1346541296 315761
1346542500 315761
1346543704 315761
1346544908 315761
1346546112 315761
1346547318 315761
1346548522 315761
1346549726 315761
1346550931 315761
1346552135 315761
1346553339 315761
1346554543 315761
1346555747 315761
1346556951 315761
1346558155 315761
1346559361 315761
1346560565 315761
1346561768 315761
1346562975 316246
1346564178 316246
1346565382 316246
1346566586 316246
1346567789 316246
1346568993 316246
1346570197 316246
1346571401 316246
1346572605 316246
1346573809 316246
1346575013 316246
1346576217 316246
1346577421 316246
1346578627 316246
1346579831 316246
1346581034 316246
1346582238 316246
1346583442 316246
1346584646 316246
1346585850 316246
1346587054 316246
1346588258 316246
1346589462 316246
1346590666 316246
1346591870 316246
1346593073 316246
1346594277 316246
1346595481 316246
1346596686 316246
1346597889 316246
1346599094 316246
1346600298 316246
1346601502 316246
1346602707 316246
1346603911 316246
1346605115 316246
1346606319 316246
1346607523 316246
1346608727 316246
1346609931 316246
1346611135 316246
1346612339 316246
1346613543 316246
1346614747 316246
1346615951 316246
1346617155 316246
1346618360 316246
1346619564 316246
1346620769 316246
1346621973 316246
1346623177 316246
1346624380 316246
1346625584 316246
1346626788 316246
1346627991 316246
1346629195 316246
1346630399 316246
1346631604 316246
1346632807 316246
1346634012 316246
1346635216 316246
1346636420 316246
1346637624 316246
1346638828 316246
1346640032 316246
1346641236 316246
1346642441 316246
1346643645 316246
1346644849 316246
1346646052 316246
1346647256 316246
1346648460 316708
1346649664 316708
1346650868 316708
1346652073 316708
1346653276 316708
1346654480 316708
1346655684 316708
1346656888 316708
1346658092 316708
1346659296 316708
1346660500 316708
1346661703 316708
1346662907 316708
1346664111 316708
1346665315 316708
1346666519 316708
1346667723 316708
1346668927 316708
1346670131 316708
1346671335 316708
1346672539 316708
1346673742 316708
1346674946 316708
1346676150 316708
1346677354 316708
1346678560 316708
1346679764 316708
1346680968 316708
1346682172 316708
1346683375 316708
1346684580 316708
1346685784 316708
1346686987 316708
1346688191 316708
1346689395 316708
1346690599 316708
1346691803 316708
1346693007 316708
1346694211 316708
1346695415 316708
1346696619 316708
1346697822 316708
1346699027 316708
1346700230 316708
1346701434 316708
1346702639 316708
1346703843 316708
1346705047 316708
1346706251 316708
1346707455 316708
1346708659 316708
1346710112 316708
1346711337 316708
1346712562 316708
1346713787 316708
1346715011 316708
1346716236 316708
1346717461 316708
1346718665 316708
1346719869 316708
1346721073 316708
1346722278 316708
1346723482 316708
1346724688 316708
1346725891 316708
1346727096 316708
1346728300 316708
1346729504 316708
1346730708 316708
1346731912 316708
1346733116 316708
1346734320 316708
1346735524 318298
1346736728 318298
1346737932 318298
1346739135 318298
1346740339 318298
1346741543 318298
1346742747 318298
1346743951 318298
1346745155 318298
1346746359 318298
1346747563 318298
1346748766 318298
1346749971 318298
1346751175 318298
1346752379 318298
1346753583 318298
1346754787 318298
1346755991 318298
1346757194 318298
1346758398 318298
1346759603 318298
1346760806 318298
1346762010 318298
1346763214 318298
1346764418 318298
1346765623 318298
1346766827 318298
1346768031 318298
1346769235 318298
1346770439 318298
1346771644 318298
1346772847 318298
1346774052 318298
1346775255 318298
1346776459 318298
1346777663 318298
1346778867 318298
1346780072 318298
1346781276 318298
1346782480 318298
1346783684 318298
1346784890 318298
1346786094 318298
1346787298 318298
1346788502 318298
1346789706 318298
1346790910 318298
1346792114 318298
1346793318 318298
1346794522 318298
1346795725 318298
1346796930 318298
1346798133 318298
1346799337 318298
1346800542 318298
1346801745 318298
1346802949 318298
1346804153 318298
1346805357 318298
1346806561 318298
1346807765 318298
1346808969 318298
1346810173 318298
1346811377 318298
1346812581 318298
1346813785 318298
1346814989 318298
1346816193 318298
1346817399 318298
1346818603 318298
1346819807 318298
1346821011 318298
1346822215 319133
1346823419 319133
1346824623 319133
1346825827 319133
1346827032 319133
1346828236 319133
1346829440 319133
1346830644 319133
1346831848 319133
1346833052 319133
1346834256 319133
1346835460 319133
1346836665 319133
1346837868 319133
1346839073 319133
1346840277 319133
1346841481 319133
1346842685 319133
1346843889 319133
1346845095 319133
1346846299 319133
1346847503 319133
1346848707 319133
1346849912 319133
1346851116 319133
1346852320 319133
1346853525 319133
1346854729 319133
1346855933 319133
1346857137 319133
1346858341 319133
1346859545 319133
1346860749 319133
1346861953 319133
1346863157 319133
1346864361 319133
1346865565 319133
1346866770 319133
1346867974 319133
1346869177 319133
1346870381 319133
1346871585 319133
1346872789 319133
1346873993 319133
1346875197 319133
1346876401 319133
1346877606 319133
1346878810 319133
1346880014 319133
1346881220 319133
1346882425 319133
1346883629 319133
1346884833 319133
1346886037 319133
1346887241 319133
1346888445 319133
1346889649 319133
1346890853 319133
1346892057 319133
1346893261 319133
1346894465 319133
1346895669 319133
1346897175 319133
1346898379 319133
1346899582 319133
1346900786 319133
1346901990 319133
1346903194 319133
1346904401 319133
1346905605 319133
1346906809 319133
1346908013 320126
1346909217 320126
1346910420 320126
1346911627 320126
1346912831 320126
1346914035 320126
1346915238 320126
1346916442 320126
1346917647 320126
1346918850 320126
1346920054 320126
1346921258 320126
1346922462 320126
1346923666 320126
1346924870 320126
1346926074 320126
1346927278 320126
1346928482 320126
1346929686 320126
1346930890 320126
1346932095 320126
1346933298 320126
1346934502 320126
1346935706 320126
1346936910 320126
1346938114 320126
1346939318 320126
1346940521 320126
1346941725 320126
1346942929 320126
1346944133 320126
1346945337 320126
1346946540 320126
1346947744 320126
1346948948 320126
1346950151 320126
1346951355 320126
1346952559 320126
1346953763 320126
1346954966 320126
1346956171 320126
1346957374 320126
1346958578 320126
1346959782 320126
1346960987 320126
1346961790 320126
1346962994 320126
1346964198 320126
1346965402 320126
1346966607 320126
1346967810 320126
1346969317 320126
1346970522 320126
1346971726 320126
1346972930 320126
1346974134 320126
1346975339 320126
1346976543 320126
1346977747 320126
1346978951 320126
1346980156 320126
1346981360 320126
1346982565 320126
1346983771 320126
1346984976 320126
1346986180 320126
1346987385 320126
1346988589 320126
1346989794 320126
1346990997 320126
1346992202 320126
1346993408 320126
1346994612 320528
1346995817 320528
1346997022 320528
1346998226 320528
1346999431 320528
1347000635 320528
1347001839 320528
1347003044 320528
1347004248 320528
1347005452 320528
1347006656 320528
1347007860 320528
