1341323224 304477
1344283197 304477
1344283199 304477
1344283328 304477
1344283395 304477
1344283574 304477
1344284776 304477
1344285978 304477
1344287180 304477
1344288382 304477
1344289584 304477
1344290786 304477
1344291988 304477
1344293190 304477
1344294392 304477
1344295594 304477
1344296796 304477
1344297998 304477
1344299200 304477
1344300402 304477
1344301604 304477
1344302808 304477
1344304010 304477
1344305212 304477
1344306414 304477
1344307616 304477
1344308818 304477
1344310020 304477
1344311221 304477
1344312424 304477
1344313626 304477
1344314828 304477
1344316030 304405
1344317232 304405
1344318434 304405
1344319635 304405
1344320837 304405
1344322039 304405
1344323241 304405
1344324443 304405
1344325645 304405
1344326847 304405
1344328049 304405
1344329251 304405
1344330453 304405
1344331655 304405
1344332857 304405
1344334059 304405
1344335260 304405
1344336462 304405
1344337664 304405
1344338866 304405
1344340068 304405
1344341270 304405
1344342472 304405
1344343673 304405
1344344875 304405
1344346076 304405
1344347278 304405
1344348480 304405
1344349683 304405
1344350885 304405
1344352087 304405
1344353289 304405
1344354491 304405
1344355693 304405
1344356895 304405
1344358097 304405
1344359299 304405
1344360501 304405
1344361703 304405
1344362905 304405
1344364106 304405
