1337032800 30
1337760000 691
1340722497 12000
1340970480 15201
1341215700 15832
1341230400 15812
1341237000 16467
1341239880 17639
1341298800 19834
1341301800 20704
1341304200 21546
1341307200 22753
1341309600 24398
1341311040 25040
1341314640 27287
1341318000 29311
1341320400 32426
1341322200 32426
1341322923 33323
1341323224 34117
1341323259 34117
1341323560 34117
1341323861 34117
1341324162 34737
1341324463 34737
1341324763 34737
1341325064 35609
1341325365 35609
1341325666 35609
1341325800 36688
1341325967 36688
1341326268 36688
1341326569 36688
1341326869 37325
1341327170 37325
1341327333 37325
1341327480 37325
1341327528 37325
1341328123 38384
1341328424 38384
1341328724 39621
1341329027 39621
1341329328 39621
1341329629 40701
1341329930 40701
1341330231 40701
1341330532 41858
1341330832 41858
1341331133 41858
1341331434 42946
1341331734 42946
1341332035 42946
1341332336 44097
1341332639 44097
1341332940 44097
1341333240 45121
1341333541 45121
1341333842 45121
1341334143 46405
1341334444 46405
1341334744 46405
1341335045 47487
1341335346 47487
1341335412 47487
1341335713 48459
1341336014 48459
1341336314 48459
1341336615 49316
1341336916 49316
1341337217 49316
1341337518 50159
1341337819 50159
1341338120 50159
1341338420 50591
1341338721 50591
1341339022 50591
1341339323 50607
1341339624 50607
