1337032800 30
1337032800 427
1337119200 448
1337205600 473
1337292000 478
1337378400 479
1337464800 479
1337551200 534
1337637600 535
1337724000 545
1337810400 549
1337896800 549
1337983200 549
1338069600 549
1338156000 608
1338242400 610
1338328800 612
1338415200 613
1338501600 618
1338588000 618
1338674400 618
1338760800 618
1338847200 622
1338933600 622
1339020000 622
1339106400 623
1339192800 624
1339279200 624
1339365600 627
1339452000 634
1339538400 634
1339624800 635
1339711200 637
1339797600 638
1339884000 638
1339970400 642
1340056800 649
1340143200 649
1340229600 668
1340316000 1311
1340402400 1933
1340488800 1982
1340575200 11298
1340661600 11948
1340748000 12812
1340834400 12813
1340920800 15416
1340970480 15201
1341007200 15712
1341093600 15862
1341215700 15832
1341230400 15812
1341237000 16467
1341266400 19889
1341239880 17639
1341298800 19834
1341301800 20704
1341304200 21546
1341307200 22753
1341309600 24398
1341311040 25040
1341314640 27287
1341318000 29311
1341320400 32426
1341322200 32426
1341322923 33323
1341323224 34117
1341323259 34117
1341323560 34117
1341323861 34117
1341324162 34737
1341324463 34737
1341324763 34737
1341325064 35609
1341325365 35609
1341325666 35609
1341325800 36688
1341325967 36688
1341326268 36688
1341326569 36688
1341326869 37325
1341327170 37325
1341327333 37325
1341327480 37325
1341327528 37325
1341328123 38384
1341328424 38384
1341328724 39621
1341329027 39621
1341329328 39621
1341329629 40701
1341329930 40701
1341330231 40701
1341330532 41858
1341330832 41858
1341331133 41858
1341331434 42946
1341331734 42946
1341332035 42946
1341332336 44097
1341332639 44097
1341332940 44097
1341333240 45121
1341333541 45121
1341333842 45121
1341334143 46405
1341334444 46405
1341334744 46405
1341335045 47487
1341335346 47487
1341335412 47487
1341335713 48459
1341336014 48459
1341336314 48459
1341336615 49316
1341336916 49316
1341337217 49316
1341337518 50159
1341337819 50159
1341338120 50159
1341338420 50591
1341338721 50591
1341339022 50591
1341339323 50607
1341339624 50607
1341339925 50607
1341340226 50640
1341340526 50640
1341340827 50640
1341341128 50662
1341341207 50662
1341341808 50662
1341342409 50679
1341343010 50715
1341343611 50715
1341344211 50735
1341344812 50759
1341345413 50759
1341346014 50780
1341346615 50790
1341347216 50790
1341347817 50808
1341348418 50812
1341349018 50812
1341349619 50823
1341350219 50850
1341350820 50850
1341351423 50866
1341352024 50866
1341352625 50866
1341353226 50875
1341353827 50891
1341354428 50891
1341355028 50901
1341355629 50916
1341356230 50916
1341356831 50927
1341357432 50940
1341358032 50940
1341358633 50956
1341359234 50958
1341359835 50958
1341360436 50958
1341361036 50960
1341361637 50960
1341362241 50960
1341362842 50960
1341363443 50960
1341364043 50964
1341364644 50966
1341365245 50966
1341365846 50966
1341366447 50966
1341367048 50966
1341367649 50966
1341368249 50966
1341368850 50966
1341369451 50966
1341370054 50966
1341370658 50966
1341371259 50966
1341371859 50966
1341372460 50966
1341373061 50966
1341373662 50966
1341374262 50966
1341374863 50966
1341375464 50966
1341376065 50966
1341376666 50966
1341377267 50966
1341377868 50966
1341378469 50966
1341379069 50966
1341379671 50966
1341380271 50966
1341380872 50966
1341381473 50966
1341382074 50966
1341382675 50966
1341383277 50966
1341383877 50967
1341384478 50969
1341385079 50969
1341385680 51047
1341386281 51811
1341386881 51811
1341387482 52894
1341388082 53691
1341388683 53691
1341389284 54863
1341389885 55640
1341390486 55640
1341391089 56296
1341391690 56925
1341392291 56925
1341392892 57546
1341393493 58161
1341394094 58161
1341394695 58803
1341395295 59432
1341395896 59432
1341396497 60074
1341397098 60671
1341397699 60671
1341398299 61534
1341398900 62285
1341399501 62285
1341400102 62889
1341400703 63570
1341401304 63570
1341401904 64389
1341402505 65242
1341403106 65242
1341403707 66134
1341404308 66821
1341404909 66821
1341405510 66963
1341406171 67115
1341406895 67244
1341407496 67244
1341408097 67753
1341408698 68497
1341409299 68497
1341409900 69269
1341410501 69967
1341411102 69967
1341411703 70632
1341412304 71200
1341412904 71200
1341413507 71352
1341414108 71391
1341414708 71391
1341415310 71392
1341415911 71392
1341416512 71392
1341417113 71392
1341417714 71392
1341418314 71392
1341418915 71392
1341419516 71392
1341420117 71392
1341420718 71392
1341421319 71392
1341421920 71392
1341422521 71393
1341423122 71393
1341423723 71393
1341424324 71393
1341424925 71493
1341425526 71493
1341426127 71556
1341426728 71556
1341427329 71556
1341427930 71556
1341428531 71556
1341429132 71556
1341429732 71557
1341430333 71557
1341430934 71557
1341431535 71557
1341432136 71557
1341432737 71557
1341433338 71648
1341433938 71755
1341434539 71755
1341435140 71862
1341435741 71967
1341436342 71967
1341436943 72071
1341437544 72177
1341438145 72177
1341438746 72290
1341439347 72402
1341439948 72402
1341440549 72496
1341441150 72599
1341441751 72599
1341442352 72715
1341442953 72825
1341443553 72825
1341444154 72924
1341444755 73023
1341445356 73023
1341445957 73129
1341446558 73232
1341447159 73232
1341447760 73232
1341448361 73472
1341448962 73472
1341449563 73575
1341450164 73691
1341450765 73691
1341451366 73794
1341451967 73906
1341452567 73906
1341453168 74006
1341453769 74108
1341454507 74210
1341455107 74210
1341455708 74322
1341456309 74434
1341456910 74434
1341457513 74551
1341458114 74554
1341458715 74554
1341459316 74554
1341459917 74554
1341460518 74554
1341461119 74554
1341461722 74554
1341462323 74554
1341462924 74554
1341463525 74554
1341464126 74554
1341464727 74554
1341465328 74554
1341465929 74554
1341466530 74555
1341467131 74555
1341467732 74555
1341468333 74555
1341468934 74555
1341469535 74555
1341470136 74555
1341470737 74555
1341471338 74555
1341471939 74557
1341472540 74563
1341473140 74563
1341473741 74564
1341474342 74565
1341474943 74565
1341475544 74565
1341476145 74565
1341476746 74565
1341477347 74565
1341477948 74700
1341478549 74700
1341479150 75331
1341479751 75962
1341480351 75962
1341480952 76694
1341481553 77397
1341482154 77397
1341482755 78064
1341483356 78655
1341483957 78655
1341484558 78939
1341485159 78949
1341485759 78949
1341486361 79621
1341486961 80084
1341487562 80084
1341488163 80603
1341488764 81109
1341489365 81109
1341489966 81617
1341490568 82111
1341491169 82111
1341491770 82312
1341492371 82312
1341492972 82312
1341493572 82312
1341494173 82312
1341494774 82312
1341495375 82318
1341495976 82318
1341496577 82318
1341497177 82389
1341497778 82908
1341498379 82908
1341498980 83418
1341499581 83904
1341500182 83904
1341500782 84407
1341501383 84913
1341501985 84913
1341502586 85213
1341503186 85213
1341503787 85213
1341504388 85213
1341504989 85213
1341505590 85213
1341506191 85213
1341506792 85213
1341507393 85213
1341507994 85213
1341508595 85213
1341509196 85213
1341509797 85213
1341510398 85213
1341510998 85213
1341511599 85213
1341512200 85213
1341512801 85213
1341513402 85213
1341514003 85215
1341514604 85215
1341515205 85219
1341515806 85225
1341516407 85225
1341517008 85233
1341517609 85236
1341518210 85236
1341518811 85245
1341519411 85245
1341520012 85245
1341520613 85245
1341521214 85245
1341521815 85245
1341522416 85245
1341523017 85245
1341523617 85245
1341524218 85255
1341524819 85255
1341525420 85255
1341526021 85255
1341526622 85248
1341527223 85248
1341527824 85239
1341528425 85236
1341529026 85236
1341529627 85236
1341530228 85236
1341530829 85236
1341531430 85236
1341532032 85236
1341532633 85236
1341533234 85236
1341533835 85240
1341534436 85240
1341535039 85240
1341535640 85240
1341536241 85240
1341536843 85240
1341537444 85240
1341538045 85240
1341538645 85240
1341539247 85240
1341539847 85240
1341540449 85240
1341541050 85240
1341541650 85240
1341542251 85240
1341542852 85240
1341543453 85240
1341544054 85240
1341544655 85240
1341545256 85240
1341545856 85240
1341546460 85240
1341547061 85240
1341547662 85240
1341548263 85240
1341548864 85240
1341549465 85240
1341550066 85240
1341550667 85240
1341551268 85240
1341551869 85240
1341552469 85240
1341553070 85240
1341553671 85240
1341554272 85240
1341554873 85240
1341555474 85240
1341556074 85240
1341556675 85342
1341557276 85833
1341557877 85833
1341558478 86329
1341559079 86825
1341559680 86825
1341560281 87324
1341560882 87834
1341561483 87834
1341562084 88276
1341562685 88732
1341563286 88732
1341563887 89149
1341564488 89640
1341565089 89640
1341565690 90138
1341566291 90611
1341566892 90611
1341567493 91049
1341568094 91114
1341568695 91114
1341569296 91115
1341569897 91115
1341570498 91115
1341571099 91116
1341571700 91116
1341572301 91116
1341572902 91117
1341573502 91117
1341574103 91117
1341574704 91117
1341575305 91119
1341575906 91119
1341576507 91119
1341577108 91119
1341577709 91119
1341578310 91119
1341578911 91119
1341579313 91119
1341579914 91119
1341580514 91121
1341581115 91121
1341581716 91121
1341582317 91121
1341582918 91121
1341583519 91121
1341584120 91121
1341584721 91121
1341585322 89771
1341585923 89472
1341586524 89472
1341587125 89480
1341587726 89480
1341588327 89480
1341588928 89481
1341589529 89481
1341590130 89481
1341590731 89485
1341591332 89485
1341591933 89485
1341592534 89485
1341593135 89485
1341593736 89485
1341594336 89485
1341594937 89485
1341595538 89485
1341596139 89485
1341596740 89485
1341597341 89485
1341597942 89485
1341598542 89485
1341599143 89485
1341599744 89485
1341600345 89485
1341600946 89485
1341601547 89485
1341602148 89485
1341602749 89485
1341603350 89485
1341603951 89485
1341604552 89485
1341605780 89485
1341606381 89485
1341606982 89485
1341607583 89485
1341608184 89485
1341608785 89485
1341609386 89485
1341609987 89485
1341610588 89485
1341611189 89485
1341611789 89485
1341612390 89485
1341612991 89475
1341613592 89475
1341614193 89470
1341614794 89470
1341615395 89470
1341615996 89470
1341616596 89470
1341617197 89470
1341617798 89470
1341618399 89470
1341619000 89470
1341619601 89470
1341620202 89471
1341620803 89471
1341621404 89471
1341622005 89471
1341622605 89471
1341623206 89470
1341623807 89470
1341624408 89470
1341625009 89470
1341625610 89470
1341626211 89470
1341626812 89470
1341627412 89470
1341628013 89470
1341628614 89470
1341629215 89470
1341629816 89470
1341630417 89470
1341631018 89470
1341631621 89470
1341632222 89470
1341632823 89470
1341633424 89470
1341634025 89470
1341634626 89470
1341635229 89470
1341635830 89470
1341636431 89470
1341637032 89470
1341637633 89470
1341638234 89470
1341638834 89470
1341639435 89470
1341640036 89470
1341640637 89470
1341641238 89470
1341641839 89470
1341642440 89470
1341643041 89470
1341643642 89470
1341644243 89470
1341644844 89470
1341646863 89470
1341647464 89470
1341648065 89470
1341648666 89470
1341649267 89470
1341649868 89470
1341650471 89470
1341651072 89470
1341651673 89471
1341652274 89471
1341652875 89475
1341653476 89488
1341654077 89488
1341654678 89496
1341655279 89508
1341655880 89508
1341656480 89509
1341657081 89509
1341657682 89509
1341658283 89509
1341658884 89509
1341659485 89509
1341660086 89509
1341660687 89509
1341661288 89509
1341661889 89509
1341662490 89509
1341663091 89509
1341663692 89509
1341664293 89509
1341664894 89509
1341665494 89509
1341666095 89509
1341666696 89509
1341667297 89509
1341667898 89509
1341668499 89509
1341669100 89519
1341669701 89525
1341670302 89525
1341670903 89533
1341671504 89535
1341672105 89535
1341672706 89535
1341673307 89535
1341673907 89535
1341674508 89534
1341675109 89534
1341675710 89534
1341676311 89534
1341676912 89534
1341677513 89534
1341678114 89534
1341678715 89534
1341679315 89534
1341679916 89534
1341680517 89534
1341681118 89534
1341681719 89534
1341682320 89535
1341682921 89535
1341683522 89536
1341684123 89542
1341684723 89542
1341685324 89549
1341685925 89562
1341686526 89562
1341687127 89571
1341687728 89583
1341688329 89583
1341688930 89589
1341689531 89590
1341690132 89590
1341690733 89590
1341691334 89595
1341691935 89595
1341692536 89607
1341693136 89625
1341693737 89625
1341694338 89638
1341694941 89648
1341695542 89648
1341696143 89648
1341696744 89648
1341697345 89648
1341697946 89648
1341698547 89648
1341699148 89648
1341699749 89636
1341700350 89636
1341700951 89636
1341701555 89636
1341702155 89636
1341702756 89636
1341703357 89636
1341703958 89636
1341704559 89636
1341705160 89636
1341705761 89636
1341706362 89636
1341706962 89636
1341707563 89636
1341708164 89636
1341708765 89636
1341709366 89636
1341709967 89636
1341710568 89636
1341711169 89636
1341711769 89636
1341712370 89636
1341712971 89636
1341713572 89636
1341714173 89636
1341714774 89636
1341715375 89636
1341715976 89636
1341716577 89636
1341717178 89636
1341717778 89636
1341718379 89636
1341718980 89636
1341719581 89636
1341720182 89636
1341720783 89636
1341721384 89636
1341721985 89636
1341722585 89636
1341723186 89636
1341723787 89636
1341724390 89636
1341724991 89636
1341725592 89636
1341726193 89636
1341726794 89636
1341727395 89635
1341727995 89635
1341728596 89635
1341729197 89635
1341729798 89635
1341730399 89635
1341730999 89635
1341731600 89635
1341732201 89635
1341732804 89635
1341733405 89635
1341734005 89635
1341734606 89635
1341735207 89635
1341735808 89635
1341736409 89635
1341737010 89635
1341737611 89635
1341738212 89635
1341738813 89635
1341739414 89635
1341740015 89639
1341740615 89639
1341741216 89639
1341741817 89639
1341742419 89639
1341743020 89639
1341743620 89639
1341744221 89639
1341744822 89639
1341745423 89639
1341746024 89639
1341746624 89639
1341747225 89639
1341747826 89639
1341748427 89641
1341749028 89641
1341749631 89641
1341750232 89641
1341750833 89641
1341751434 89641
1341752035 89641
1341752636 89641
1341753237 89641
1341753838 89641
1341754438 89641
1341755040 89641
1341755640 89641
1341756241 89641
1341756843 89641
1341757444 89641
1341758045 89641
1341758646 89641
1341759246 89643
1341759847 89644
1341760448 89644
1341761049 89644
1341761650 89644
1341762251 89644
1341762852 89644
1341763453 89644
1341764054 89644
1341764655 89644
1341765256 89644
1341765857 89644
1341766458 89644
1341767059 89644
1341767659 89644
1341768260 89644
1341768861 89644
1341769462 89644
1341770063 89644
1341770664 89644
1341771265 89644
1341771866 89644
1341772466 89644
1341773067 89644
1341773668 89645
1341774269 89645
1341774870 89645
1341775471 89645
1341776071 89645
1341776672 89645
1341777273 89645
1341777874 89645
1341778475 89645
1341779076 89645
1341779677 89645
1341780278 89645
1341780879 89645
1341781480 89645
1341782080 89645
1341782681 89645
1341783282 89645
1341783883 89645
1341784484 89645
1341785085 89645
1341785686 89645
1341786287 89633
1341786887 89633
1341787488 89633
1341788089 89633
1341788690 89633
1341789291 89633
1341789892 89633
1341790493 89633
1341791094 89633
1341791695 89633
1341792296 89633
1341792896 89633
1341793497 89633
1341794098 89633
1341794699 89633
1341795300 89633
1341795901 89633
1341796502 89633
1341797102 89633
1341797703 89633
1341798304 89633
1341798905 89633
1341799506 89633
1341800112 89633
1341800713 89633
1341801313 89633
1341801914 89633
1341802515 89633
1341803116 89633
1341803717 89633
1341804318 89633
1341804919 89633
1341805520 89633
1341806122 89633
1341806723 89633
1341807324 89633
1341807924 89633
1341808526 89633
1341809127 89633
1341809727 89633
1341810328 89633
1341810931 89633
1341811532 89633
1341812133 89633
1341812734 89633
1341813335 89633
1341813935 89633
1341814536 89633
1341815137 89633
1341815738 89638
1341816339 89638
1341816940 89638
1341817541 89638
1341818142 89638
1341818743 89638
1341819344 89638
1341819945 89649
1341820547 89649
1341821149 89651
1341821750 89651
1341822352 89651
1341822954 89652
1341823555 89652
1341824156 89652
1341824757 89653
1341825358 89653
1341825960 89653
1341826561 89653
1341827162 89653
1341827763 89653
1341828365 89653
1341828966 89654
1341829569 89654
1341830170 89654
1341830771 89655
1341831373 89655
1341831976 89655
1341832577 89655
1341833178 89655
1341833779 89656
1341834380 89657
1341834981 89657
1341835582 89657
1341836185 89657
1341836786 89657
1341837387 89660
1341837989 89662
1341838590 89662
1341839191 89662
1341839792 89663
1341840394 89663
1341840995 89664
1341841596 89665
1341842197 89665
1341842801 89665
1341843403 89668
1341844004 89668
1341844606 89667
1341845207 89667
1341845808 89667
1341846409 89666
1341847010 89667
1341847611 89667
1341848213 89667
1341848814 89667
1341849415 89667
1341850016 89667
1341850618 89667
1341851219 89667
1341851820 89667
1341852420 89669
1341853022 89669
1341853623 89669
1341854224 89673
1341854825 89673
1341855426 89673
1341856027 89673
1341856629 89673
1341857231 89674
1341857832 89674
1341858433 89674
1341859033 89674
1341859635 89674
1341860236 89674
1341860839 89674
1341861441 89674
1341862042 89674
1341862643 89674
1341863245 89674
1341863846 89674
1341864447 89674
1341865047 89674
1341865648 89674
1341866250 89674
1341866851 89674
1341867452 89674
1341868053 89674
1341868654 89674
1341869256 89674
1341869857 89674
1341870458 89674
1341871060 89674
1341871661 89674
1341872262 89662
1341872863 89662
1341873465 89662
1341874066 89662
1341874668 89662
1341875269 89662
1341875870 89662
1341876471 89662
1341877072 89662
1341877673 89662
1341878275 89662
1341878876 89662
1341879477 89665
1341880078 89665
1341880679 89665
1341881280 89665
1341881881 89665
1341882482 89665
1341883083 89665
1341883685 89665
1341884286 89665
1341884887 89665
1341885489 89665
1341886090 89665
1341886690 89665
1341887294 89665
1341887895 89665
1341888497 89665
1341889098 89665
1341889699 89665
1341890301 89665
1341890902 89665
1341891503 89665
1341892104 89665
1341892705 89665
1341893307 89665
1341893908 89665
1341894509 89665
1341895110 89665
1341895711 89665
1341896312 89665
1341896914 89666
1341897515 89666
1341898116 89666
1341898717 89666
1341899318 89666
1341899920 89666
1341900522 89666
1341901123 89666
1341901724 89666
1341902325 89665
1341902927 89669
1341903528 89669
1341904129 89669
1341904730 89669
1341905332 89669
1341905933 89676
1341906534 89676
1341907135 89676
1341907738 89679
1341908340 89680
1341908941 89680
1341909542 89683
1341910143 89684
1341910745 89684
1341911346 89687
1341911947 89686
1341912548 89686
1341913149 89688
1341913751 89688
1341914352 89688
1341914953 89688
1341915556 89689
1341916158 89689
1341916759 89689
1341917360 89701
1341917962 89701
1341918563 89701
1341919164 89701
1341919765 89701
1341920366 89701
1341920968 89701
1341921570 89701
1341922172 89701
1341922774 89701
1341923376 89701
1341923977 89701
1341924579 89702
1341925180 89702
1341925781 89702
1341926382 89703
1341926983 89703
1341927585 89703
1341928186 89703
1341928787 89703
1341929388 89703
1341929989 89703
1341930590 89703
1341931192 89703
1341931793 89703
1341932394 89703
1341932995 89704
1341933596 89704
1341934197 89704
1341934798 89704
1341935400 89705
1341936001 89705
1341936602 89705
1341937204 89705
1341937806 89705
1341938407 89705
1341939008 89707
1341939609 89707
1341940210 89707
1341940812 89707
1341941413 89707
1341942014 89707
1341942615 89707
1341943216 89707
1341943817 89707
1341944418 89707
1341945019 89707
1341945620 89707
1341946222 89707
1341946824 89707
1341947425 89707
1341948026 89707
1341948627 89707
1341949228 89707
1341949830 89707
1341950431 89707
1341951032 89707
1341951633 89707
1341952235 89707
1341952836 89707
1341953437 89707
1341954038 89707
1341954640 89707
1341955241 89707
1341955842 89707
1341956443 89707
1341957045 89707
1341957645 89707
1341958247 89707
1341958848 89698
1341959449 89698
1341960050 89698
1341960652 89698
1341961253 89698
1341961854 89698
1341962456 89698
1341963057 89698
1341963658 89698
1341964259 89698
1341964860 89698
1341965461 89698
1341966063 89704
1341966664 89704
1341967265 89704
1341967867 89704
1341968468 89704
1341969069 89704
1341969672 89704
1341970273 89704
1341970875 89704
1341971476 89704
1341972077 89704
1341972678 89704
1341973279 89704
1341973882 89704
1341974483 89704
1341975084 89703
1341975685 89703
1341976286 89703
1341976887 89703
1341977488 89703
1341978089 89703
1341978690 89703
1341979291 89703
1341979892 89703
1341980493 89703
1341981094 89703
1341981697 89703
1341982298 89703
1341982899 89703
1341983500 89703
1341984101 89703
1341984702 89703
1341985303 89703
1341985904 89703
1341986505 89703
1341987106 89703
1341987707 89703
1341988308 89703
1341988909 89703
1341989510 89705
1341990111 89705
1341990712 89705
1341991313 89705
1341991914 89705
1341992515 89705
1341993116 89709
1341993717 89710
1341994318 89710
1341994919 89712
1341995520 89714
1341996124 89714
1341996726 89720
1341997327 89720
1341997928 89720
1341998529 89720
1341999130 89722
1341999731 89722
1342000334 89722
1342000935 89722
1342001537 89722
1342002139 89722
1342002740 89722
1342003341 89722
1342003942 89722
1342004543 89728
1342005144 89728
1342005745 89728
1342006346 89728
1342006947 89728
1342007548 89728
1342008149 89728
1342008750 89728
1342009352 89730
1342009953 89730
1342010554 89730
1342011155 89729
1342011756 89724
1342012357 89724
1342012958 89716
1342013559 89757
1342014160 89757
1342014761 89758
1342015362 89758
1342015964 89758
1342016566 89759
1342017167 89761
1342017768 89761
1342018369 89761
1342018970 89762
1342019571 89762
1342020172 89764
1342020773 89765
1342021374 89765
1342021975 89765
1342022576 89766
1342023177 89766
1342023778 89766
1342024380 89766
1342024981 89766
1342025582 89766
1342026183 89766
1342026784 89766
1342027385 89766
1342027986 89766
1342028587 89766
1342029188 89766
1342029789 89767
1342030390 89767
1342030991 89767
1342031592 89767
1342032193 89767
1342032794 89767
1342033395 89767
1342033997 89767
1342034598 89767
1342035199 89767
1342035800 89767
1342036401 89767
1342037002 89767
1342037603 89767
1342038204 89767
1342038805 89767
1342039406 89767
1342040007 89767
1342040608 89767
1342041209 89767
1342041810 89767
1342042411 89767
1342043012 89767
1342043613 89767
1342044214 89767
1342044815 89767
1342045416 89750
1342046017 89743
1342046618 89743
1342047220 89743
1342047820 89743
1342048422 89743
1342049022 89742
1342049624 89742
1342050225 89742
1342050826 89742
1342051427 89742
1342052028 89742
1342052629 89743
1342053230 89743
1342053832 89743
1342054433 89743
1342055034 89743
1342055635 89743
1342056236 89743
1342056837 89743
1342057438 89743
1342058039 89743
1342058640 89743
1342059354 89743
1342059956 89743
1342060557 89743
1342061158 89743
1342061759 89743
1342062360 89743
1342062961 89743
1342063562 89743
1342064163 89743
1342064764 89743
1342065365 89743
1342065969 89743
1342066570 89743
1342067173 89743
1342067774 89743
1342068375 89743
1342068976 89743
1342069577 89743
1342070179 89743
1342070779 89743
1342071380 89743
1342071981 89743
1342072582 89743
1342073184 89743
1342073785 89743
1342074386 89743
1342074987 89770
1342075588 89770
1342076189 89770
1342076791 89770
1342077392 89772
1342077993 89772
1342078594 89772
1342079195 89772
1342079796 89772
1342080397 89779
1342080999 89780
1342081600 89780
1342082202 89781
1342082803 89782
1342083404 89782
1342084006 89780
1342084607 89781
1342085208 89781
1342085809 89781
1342086410 89781
1342087011 89781
1342087613 89781
1342088214 89781
1342088815 89781
1342089416 89782
1342090017 89782
1342090618 89782
1342091219 89782
1342091821 89782
1342092422 89782
1342093023 89782
1342093624 89782
1342094225 89782
1342094827 89782
1342095428 89782
1342096029 89782
1342096630 89783
1342097232 89783
1342097833 89783
1342098434 89783
1342099035 89783
1342099636 89783
1342100237 89790
1342100838 89791
1342101439 89791
1342102040 89792
1342102641 89796
1342103244 89796
1342103845 89796
1342104446 89802
1342105048 89802
1342105649 89804
1342106250 89806
1342106851 89806
1342107452 89813
1342108053 89820
1342108654 89820
1342109255 89823
1342109856 89823
1342110457 89823
1342111058 89823
1342111659 89823
1342112260 89823
1342112861 89823
1342113462 89823
1342114063 89823
1342114664 89823
1342115266 89836
1342115866 89836
1342116467 89847
1342117068 89860
1342117669 89860
1342118270 89876
1342118871 89876
1342119472 89876
1342120073 89883
1342120674 89883
1342121275 89883
1342121876 89890
1342122478 89907
1342123078 89907
1342123680 89910
1342124281 89910
1342124882 89910
1342125483 89910
1342126084 89910
1342126685 89910
1342127286 89910
1342127887 89910
1342128489 89910
1342129090 89910
1342129691 89910
1342130292 89910
1342130893 89910
1342131494 89897
1342132095 89897
1342132697 89897
1342133298 89891
1342133899 89891
1342134500 89891
1342135101 89891
1342135705 89891
1342136305 89891
1342136907 89891
1342137508 89891
1342138109 89891
1342138710 89892
1342139311 89892
1342139912 89892
1342140513 89892
1342141114 89892
1342141715 89892
1342142316 89892
1342142917 89892
1342143518 89892
1342144119 89892
1342144722 89892
1342145323 89892
1342145924 89892
1342146525 89892
1342147126 89892
1342147727 89892
1342148328 89892
1342148929 89892
1342149530 89892
1342150131 89892
1342150732 89892
1342151333 89892
1342151934 89892
1342152535 89892
1342153136 89892
1342153737 89892
1342154338 89892
1342154939 89892
1342155540 89892
1342156141 89892
1342156743 89892
1342157344 89892
1342157945 89892
1342158546 89892
1342159147 89892
1342159749 89892
1342160352 89892
1342160953 89892
1342161554 89892
1342162155 89894
1342162756 89894
1342163357 89894
1342163957 89894
1342164558 89894
1342165160 89894
1342165761 89894
1342166362 89894
1342166963 89894
1342167564 89894
1342168165 89894
1342168766 89900
1342169367 89900
1342169968 89900
1342170570 89900
1342171171 89900
1342171772 89900
1342172373 89901
1342172974 89901
1342173576 89901
1342174178 89902
1342174779 89902
1342175380 89902
1342175982 89902
1342176582 89902
1342177183 89902
1342177784 89902
1342178386 89902
1342178987 89902
1342179588 89902
1342180189 89905
1342180790 89905
1342181392 89905
1342181993 89905
1342182595 89905
1342183196 89905
1342183797 89902
1342184398 89902
1342185000 89902
1342185601 89902
1342186202 89902
1342186805 89902
1342187406 89903
1342188007 89903
1342188610 89903
1342189211 89902
1342189813 89903
1342190413 89903
1342191014 89903
1342191615 89904
1342192216 89904
1342192817 89904
1342193418 89905
1342194019 89905
1342194621 89904
1342195221 89904
1342195823 89904
1342196424 89904
1342197025 89905
1342197626 89905
1342198227 89905
1342198828 89905
1342199430 89905
1342200031 89905
1342200632 89905
1342201234 89905
1342201835 89905
1342202436 89905
1342203037 89905
1342203638 89905
1342204240 89905
1342204841 89905
1342205442 89905
1342206043 89905
1342206644 89905
1342207245 89905
1342207846 89913
1342208448 89913
1342209049 89926
1342209650 89934
1342210251 89934
1342210852 89941
1342211453 89945
1342212054 89945
1342212655 89950
1342213256 89951
1342213858 89951
1342214459 89953
1342215060 89953
1342215661 89953
1342216262 89953
1342216864 89953
1342217465 89953
1342218069 89946
1342218670 89943
1342219271 89943
1342219872 89944
1342220473 89944
1342221074 89944
1342221676 89944
1342222277 89944
1342222878 89944
1342223479 89944
1342224080 89944
1342224681 89944
1342225282 89945
1342225883 89945
1342226484 89945
1342227085 89945
1342227687 89945
1342228288 89945
1342228889 89945
1342229490 89945
1342230091 89945
1342230693 89945
1342231294 89945
1342231895 89945
1342232496 89945
1342233097 89945
1342233698 89945
1342234299 89945
1342234900 89945
1342235501 89945
1342236102 89945
1342236703 89945
1342237305 89945
1342237906 89945
1342238507 89945
1342239108 89945
1342239709 89945
1342240311 89945
1342240912 89945
1342241513 89945
1342242114 89945
1342242716 89945
1342243317 89945
1342243918 89945
1342244522 89945
1342245123 89945
1342245725 89945
1342246327 89945
1342246930 89945
1342247531 89945
1342248134 89945
1342248735 89945
1342249336 89945
1342249937 89945
1342250538 89945
1342251139 89945
1342251740 89945
1342252341 89945
1342252942 89945
1342253543 89945
1342254145 89945
1342254746 89945
1342255347 89945
1342255948 89945
1342256549 89945
1342257150 89945
1342257751 89945
1342258352 89944
1342258954 89944
1342259555 89944
1342260156 89944
1342260757 89944
1342261358 89944
1342261960 89944
1342262561 89944
1342263162 89944
1342263763 89944
1342264364 89944
1342264965 89944
1342265567 89944
1342266168 89944
1342266769 89944
1342267370 89944
1342267971 89944
1342268573 89944
1342269176 89944
1342269777 89944
1342270379 89949
1342270980 89955
1342271581 89955
1342272183 89955
1342272784 89955
1342273385 89955
1342273989 89958
1342274590 89969
1342275191 89969
1342275792 89979
1342276393 89987
1342276994 89987
1342277596 89989
1342278197 89989
1342278798 89989
1342279399 89989
1342280000 89989
1342280601 89989
1342281202 89989
1342281804 89989
1342282405 89989
1342283006 89989
1342283607 89989
1342284208 89989
1342284810 89989
1342285411 89989
1342286012 89989
1342286613 89989
1342287214 89989
1342287816 89989
1342288417 89989
1342289018 89989
1342289619 89989
1342290220 89989
1342290821 89989
1342291423 89989
1342292024 89989
1342292624 89989
1342293227 89989
1342293829 89989
1342294430 89989
1342295031 89989
1342295632 89989
1342296233 89989
1342296834 89989
1342297435 89989
1342298036 89989
1342298638 89989
1342299240 89990
1342299848 89990
1342300449 89990
1342301050 89990
1342301651 89990
1342302253 89990
1342302854 89990
1342303455 89990
1342304056 89990
1342304658 89977
1342305259 89974
1342305860 89974
1342306461 89974
1342307062 89971
1342307664 89971
1342308265 89971
1342308866 89971
1342309467 89971
1342310069 89971
1342310670 89971
1342311271 89971
1342311872 89971
1342312473 89971
1342313074 89971
1342313675 89971
1342314277 89971
1342314880 89971
1342315481 89971
1342316082 89971
1342316683 89971
1342317284 89971
1342317885 89971
1342318486 89971
1342319087 89971
1342319688 89971
1342320289 89971
1342320890 89968
1342321491 89968
1342322092 89968
1342322693 89968
1342323294 89968
1342323896 89968
1342324497 89968
1342325098 89968
1342325699 89968
1342326303 89968
1342326905 89968
1342327506 89968
1342328107 89968
1342328708 89968
1342329309 89968
1342329912 89968
1342330513 89968
1342331114 89968
1342331715 89968
1342332316 89968
1342332917 89968
1342333518 89968
1342334119 89968
1342334720 89968
1342335322 89968
1342335923 89968
1342336524 89968
1342337125 89968
1342337729 89968
1342338330 89968
1342338931 89968
1342339532 89968
1342340135 89968
1342340736 89968
1342341336 89968
1342341938 89968
1342342539 89968
1342343140 89968
1342343741 89968
1342344342 89968
1342344943 89968
1342345544 89968
1342346145 89968
1342346747 89968
1342347348 89968
1342347949 89968
1342348551 89968
1342349152 89968
1342349753 89968
1342350354 89968
1342350954 89968
1342351556 89968
1342352157 89968
1342352758 89968
1342353359 89968
1342353961 89968
1342354562 89968
1342355164 89968
1342355765 89968
1342356369 89968
1342356970 89968
1342357571 89968
1342358172 89968
1342358773 89968
1342359374 89968
1342359976 89968
1342360576 89968
1342361179 89968
1342361780 89968
1342362381 89968
1342362982 89968
1342363583 89969
1342364184 89969
1342364785 89971
1342365386 89971
1342365988 89971
1342366589 89971
1342367190 89971
1342367791 89971
1342368392 89971
1342368993 89971
1342369595 89971
1342370196 89971
1342370797 89971
1342371398 89971
1342371999 89971
1342372601 89971
1342373202 89971
1342373803 89971
1342374404 89971
1342375005 89971
1342375606 89971
1342376208 89971
1342376808 89971
1342377409 89971
1342378010 89971
1342378611 89971
1342379214 89971
1342379815 89971
1342380416 89971
1342381017 89971
1342381618 89971
1342382219 89971
1342382820 89971
1342383422 89971
1342384023 89971
1342384624 89971
1342385226 89971
1342385827 89971
1342386428 89971
1342387029 89971
1342387630 89971
1342388231 89971
1342388832 89972
1342389434 89972
1342390035 89972
1342390637 89965
1342391238 89965
1342391839 89965
1342392440 89965
1342393042 89965
1342393643 89965
1342394244 89965
1342394845 89965
1342395446 89965
1342396048 89965
1342396649 89965
1342397250 89965
1342397851 89965
1342398452 89965
1342399053 89965
1342399655 89965
1342400255 89965
1342400857 89965
1342401458 89965
1342402059 89965
1342402660 89965
1342403262 89965
1342403863 89965
1342404463 89965
1342405066 89965
1342405667 89965
1342406268 89965
1342406869 89960
1342407472 89960
1342408073 89960
1342408675 89960
1342409276 89960
1342409877 89960
1342410478 89960
1342411079 89960
1342411681 89960
1342412285 89960
1342412886 89960
1342413487 89960
1342414088 89960
1342414689 89960
1342415293 89960
1342415895 89960
1342416496 89960
1342417097 89960
1342417699 89960
1342418299 89960
1342418901 89960
1342419503 89960
1342420103 89960
1342420705 89960
1342421306 89969
1342421907 89969
1342422508 89972
1342423109 89972
1342423710 89972
1342424311 89971
1342424912 89973
1342425514 89973
1342426116 89980
1342426718 89988
1342427319 89988
1342427920 89995
1342428521 89995
1342429122 89995
1342429723 89995
1342430324 89998
1342430925 89998
1342431526 89998
1342432127 89999
1342432728 89999
1342433330 89999
1342433932 89999
1342434533 89999
1342435134 90000
1342435735 90002
1342436336 90002
1342436937 90003
1342437538 90003
1342438139 90003
1342438741 89993
1342439342 89993
1342439944 89993
1342440546 89994
1342441147 89996
1342441748 89996
1342442350 90003
1342442951 90001
1342443552 90001
1342444154 89999
1342444755 89994
1342445356 89994
1342445957 89995
1342446558 89998
1342447159 89998
1342447762 89999
1342448363 89999
1342448966 89999
1342449567 89998
1342450169 89999
1342450770 89999
1342451371 89999
1342451971 90000
1342452572 90000
1342453174 90000
1342453776 90002
1342454377 90002
1342454978 90002
1342455579 90002
1342456180 90002
1342456781 90005
1342457382 90006
1342457983 90006
1342458585 90006
1342459186 90006
1342459787 90006
1342460388 90006
1342460990 90006
1342461590 90006
1342462192 90006
1342462793 90007
1342463394 90007
1342463995 90007
1342464596 90009
1342465197 90009
1342465799 90009
1342466400 90009
1342467001 90009
1342467603 90009
1342468204 90009
1342468805 90009
1342469406 90009
1342470007 90009
1342470608 90009
1342471209 90009
1342471810 90009
1342472412 90009
1342473013 90009
1342473614 90009
1342474215 90009
1342474815 90009
1342475417 90009
1342476018 90009
1342476619 90009
1342477220 89996
1342477821 89996
1342478422 89996
1342479023 89996
1342479625 89996
1342480226 89996
1342480827 89996
1342481429 89996
1342482030 89996
1342482631 89996
1342483232 89996
1342483834 89996
1342484435 89997
1342485036 89997
1342485637 89997
1342486238 89997
1342486839 89997
1342487440 89997
1342488041 89997
1342488642 89997
1342489245 89997
1342489847 89997
1342490448 89997
1342491049 89997
1342491650 89997
1342492251 89997
1342492852 89997
1342493454 89997
1342494055 89997
1342494656 89997
1342495257 89997
1342495858 89997
1342496459 89997
1342497060 89997
1342497661 89997
1342498263 89997
1342498864 89997
1342499466 89997
1342500069 89997
1342500670 89997
1342501271 89997
1342501872 89997
1342502473 89997
1342503074 89997
1342503675 89997
1342504276 89997
1342504877 89997
1342505478 89997
1342506081 89997
1342506682 90003
1342507283 90003
1342507884 90002
1342508487 90046
1342509088 90046
1342509689 90045
1342510290 90044
1342510891 90044
1342511492 90044
1342512093 90044
1342512696 90044
1342513297 90044
1342513898 90045
1342514500 90045
1342515100 90045
1342515702 90045
1342516304 90045
1342516905 90045
1342517507 90046
1342518108 90046
1342518710 90045
1342519311 90045
1342519912 90045
1342520514 90045
1342521115 90046
1342521716 90046
1342522317 90042
1342522918 90012
1342523520 90012
1342524122 90012
1342524724 90013
1342525325 90013
1342525926 90015
1342526527 90015
1342527130 90015
1342527731 90015
1342528332 90019
1342528933 90019
1342529534 90022
1342530135 90022
1342530736 90022
1342531337 90024
1342531939 90024
1342532541 90024
1342533142 90024
1342533743 90025
1342534345 90025
1342534947 90025
1342535548 90026
1342536149 90026
1342536751 90026
1342537351 90026
1342537952 90026
1342538553 90027
1342539155 90027
1342539755 90027
1342540357 90027
1342540958 90027
1342541559 90027
1342542160 90027
1342542762 90028
1342543363 90028
1342543964 90028
1342544566 90028
1342545167 90028
1342545768 90028
1342546369 90028
1342546970 90028
1342547571 90028
1342548172 90028
1342548773 90028
1342549375 90028
1342549975 90028
1342550577 90028
1342551178 90028
1342551779 90028
1342552381 90028
1342552982 90029
1342553584 90029
1342554185 90029
1342554786 90029
1342555387 90029
1342555989 90029
1342556590 90029
1342557191 90029
1342557792 90029
1342558393 90029
1342558995 90029
1342559596 90029
1342560197 90029
1342560798 90029
1342561400 90029
1342562001 90029
1342562602 90029
1342563203 90029
1342563804 90014
1342564405 90007
1342565006 90007
1342565608 90007
1342566209 90007
1342566810 90007
1342567411 90007
1342568014 90007
1342568616 90007
1342569217 90007
1342569818 90007
1342570419 90007
1342571020 90013
1342571621 90013
1342572222 90013
1342572823 90013
1342573424 90013
1342574025 90013
1342574627 90013
1342575228 90013
1342575829 90013
1342576430 90013
1342577030 90013
1342577632 90013
1342578233 90013
1342578833 90013
1342579434 90013
1342580036 90013
1342580637 90013
1342581240 90013
1342581841 90013
1342582442 90013
1342583044 90013
1342583645 90013
1342584246 90013
1342584849 90013
1342585452 90013
1342586053 90013
1342586654 90013
1342587257 90013
1342587858 90013
1342588459 90013
1342589061 90013
1342589662 90013
1342590263 90013
1342590864 90013
1342591465 90013
1342592067 90013
1342592670 90013
1342593271 90013
1342593872 90013
1342594473 90015
1342595074 90015
1342595675 90015
1342596276 90016
1342596878 90016
1342597479 90016
1342598081 90016
1342598682 90017
1342599284 90017
1342599885 90019
1342600486 90019
1342601087 90019
1342601688 90020
1342602289 90020
1342602891 90020
1342603492 90020
1342604093 90021
1342604694 90021
1342605295 90021
1342605898 90021
1342606499 90021
1342607101 90023
1342607703 90023
1342608304 90023
1342608906 90023
1342609507 90023
1342610108 90023
1342610709 90023
1342611311 90023
1342611912 90038
1342612513 90038
1342613114 90038
1342613716 90037
1342614317 90037
1342614918 90037
1342615519 90037
1342616120 90037
1342616721 90037
1342617322 90037
1342617923 90037
1342618525 90037
1342619126 90037
1342619726 90037
1342620327 90037
1342620929 90037
1342621529 90037
1342622130 90040
1342622731 90040
1342623332 90040
1342623933 90040
1342624535 90040
1342625136 90040
1342625738 90041
1342626338 90041
1342626940 90041
1342627541 90041
1342628142 90041
1342628744 90041
1342629345 90041
1342629946 90041
1342630548 90041
1342631149 90042
1342631750 90042
1342632351 90042
1342632952 90042
1342633553 90042
1342634155 90042
1342634756 90042
1342635357 90042
1342635958 90042
1342636559 90042
1342637160 90042
1342637761 90042
1342638363 90042
1342638964 90042
1342639565 90042
1342640169 90042
1342640772 90043
1342641374 90043
1342641975 90043
1342642576 90043
1342643177 90043
1342643778 90043
1342644379 90043
1342644980 90043
1342645581 90043
1342646183 90044
1342646784 90044
1342647385 90044
1342647986 90045
1342648587 90045
1342649188 90044
1342649824 90037
1342650425 90037
1342651026 90025
1342651627 90024
1342652228 90024
1342652829 90024
1342653430 90024
1342654031 90024
1342654632 90024
1342655233 90024
1342655834 90024
1342656435 90024
1342657037 90027
1342657638 90027
1342658239 90027
1342658840 90027
1342659444 90027
1342660045 90027
1342660647 90027
1342661248 90027
1342661849 90027
1342662450 90027
1342663055 90027
1342663656 90027
1342664257 90027
1342664857 90027
1342665458 90027
1342666060 90026
1342666661 90026
1342667262 90026
1342667863 90026
1342668464 90026
1342669066 90026
1342669667 90026
1342670268 90026
1342670873 90026
1342671476 90026
1342672077 90026
1342672678 90026
1342673279 90026
1342673880 90026
1342674481 90027
1342675082 90027
1342675684 90027
1342676285 90027
1342676886 90027
1342677488 90027
1342678089 90027
1342678690 90027
1342679292 90027
1342679893 90029
1342680494 90029
1342681095 90029
1342681696 90029
1342682297 90029
1342682899 90029
1342683500 90029
1342684101 90029
1342684704 90029
1342685306 90029
1342685908 90023
1342686509 90023
1342687110 90025
1342687711 90025
1342688312 90025
1342688913 90025
1342689515 90025
1342690116 90025
1342690717 90022
1342691318 90022
1342691919 90022
1342692520 90022
1342693122 90013
1342693723 90013
1342694324 90013
1342694925 90013
1342695527 90013
1342696128 90014
1342696729 90014
1342697331 90014
1342697932 90014
1342698533 90014
1342699134 90014
1342699736 90014
1342700339 90014
1342700940 90014
1342701542 90015
1342702144 90015
1342702745 90015
1342703347 90015
1342703948 90016
1342704549 90016
1342705150 90017
1342705752 90026
1342706353 90026
1342706954 90025
1342707556 90025
1342708157 90025
1342708758 90025
1342709359 90025
1342709960 90025
1342710561 90029
1342711163 90029
1342711764 90029
1342712365 90030
1342712966 90030
1342713567 90030
1342714168 90030
1342714769 90030
1342715371 90030
1342715972 90030
1342716573 90030
1342717174 90030
1342717776 90030
1342718377 90030
1342718978 90030
1342719579 90030
1342720180 90030
1342720781 90030
1342721382 90030
1342721983 90030
1342722584 90030
1342723185 90030
1342723786 90030
1342724387 90030
1342724988 90030
1342725589 90031
1342726191 90031
1342726792 90032
1342727393 90032
1342727994 90032
1342728595 90032
1342729196 90032
1342729798 90032
1342730399 90032
1342731000 90032
1342731601 90032
1342732202 90035
1342732804 90035
1342733405 90035
1342734006 90035
1342734607 90036
1342735208 90036
1342735809 90036
1342736411 90021
1342737012 90013
1342737613 90013
1342738214 90013
1342738814 90013
1342739415 90013
1342740016 90013
1342740620 90013
1342741220 90013
1342741822 90013
1342742423 90013
1342743024 90013
1342743626 90016
1342744227 90016
1342744829 90016
1342745430 90016
1342746030 90016
1342746632 90016
1342747233 90016
1342747834 90016
1342748435 90016
1342749036 90016
1342749637 90016
1342750238 90016
1342750839 90016
1342751440 90016
1342752041 90016
1342752642 90016
1342753243 90016
1342753845 90016
1342754446 90016
1342755047 90016
1342755651 90016
1342756252 90016
1342756854 90016
1342757455 90016
1342758055 90016
1342758657 90016
1342759258 90016
1342759859 90016
1342760460 90016
1342761060 90016
1342761662 90016
1342762263 90016
1342762864 90016
1342763466 90016
1342764067 90016
1342764669 90016
1342765272 90016
1342765874 90018
1342766475 90018
1342767077 90018
1342767678 90018
1342768280 90018
1342768881 90018
1342769482 90018
1342770084 90018
1342770685 90019
1342771286 90019
1342771888 90019
1342772489 90019
1342773090 90020
1342773692 90020
1342774293 90020
1342774894 90020
1342775495 90020
1342776097 90020
1342776697 90023
1342777299 90023
1342777900 90023
1342778501 90023
1342779103 90023
1342779705 90023
1342780306 90023
1342780907 90023
1342781508 90023
1342782110 90023
1342782712 90023
1342783313 90023
1342783914 90023
1342784515 90023
1342785116 90023
1342785717 90025
1342786319 90025
1342786921 90025
1342787523 90025
1342788124 90025
1342788727 90025
1342789329 90026
1342789929 90026
1342790530 90026
1342791132 90026
1342791732 90026
1342792334 90026
1342792935 90026
1342793537 90026
1342794138 90026
1342794739 90026
1342795341 90026
1342795942 90027
1342796545 90027
1342797146 90027
1342797747 90028
1342798349 90029
1342798950 90029
1342799551 90029
1342800152 90029
1342800753 90029
1342801354 90029
1342801955 90029
1342802556 90029
1342803158 90029
1342803759 90029
1342804360 90029
1342804961 90029
1342805563 90029
1342806164 90029
1342806765 90029
1342807366 90030
1342807967 90030
1342808568 90030
1342809170 90030
1342809771 90030
1342810371 90030
1342810972 90030
1342811575 90030
1342812177 90030
1342812778 90030
1342813379 90030
1342813980 90030
1342814581 90030
1342815183 90030
1342815784 90030
1342816385 90030
1342816987 90030
1342817588 90030
1342818189 90030
1342818790 90030
1342819391 90030
1342819992 90030
1342820593 90030
1342821195 90030
1342821798 90030
1342822400 90030
1342823001 90015
1342823602 90010
1342824203 90010
1342824804 90010
1342825406 90010
1342826006 90010
1342826607 90010
1342827208 90010
1342827810 90010
1342828411 90010
1342829012 90010
1342829613 90010
1342830215 90013
1342830816 90013
1342831417 90013
1342832018 90013
1342832619 90013
1342833220 90013
1342833823 90013
1342834424 90013
1342835026 90013
1342835627 90013
1342836229 90013
1342836830 90013
1342837430 90013
1342838032 90013
1342838633 90013
1342839233 90009
1342839835 90009
1342840435 90009
1342841036 90009
1342841637 90009
1342842239 90009
1342842840 90009
1342843441 90009
1342844043 90009
1342844645 90009
1342845246 90009
1342845847 90009
1342846448 90009
1342847049 90009
1342847650 90009
1342848254 90009
1342848855 90009
1342849456 90009
1342850057 90009
1342850659 90009
1342851260 90009
1342851861 90009
1342852462 90009
1342853064 90009
1342853665 90009
1342854266 90009
1342854867 90009
1342855468 90009
1342856069 90009
1342856671 90009
1342857272 90009
1342857873 90010
1342858474 90010
1342859075 90010
1342859676 90010
1342860277 90010
1342860878 90010
1342861479 90010
1342862080 90010
1342862682 90010
1342863283 90010
1342863884 90010
1342864485 90010
1342865086 90010
1342865688 90010
1342866289 90010
1342866890 90011
1342867491 90011
1342868093 90011
1342868694 90011
1342869295 90011
1342869896 90011
1342870497 90011
1342871098 90011
1342871699 90011
1342872300 90011
1342872901 90011
1342873503 90011
1342874104 90011
1342874705 90011
1342875306 90011
1342875908 90012
1342876509 90012
1342877110 90012
1342877711 90012
1342878312 90012
1342878915 90012
1342879517 90012
1342880119 90012
1342880720 90012
1342881321 90012
1342881922 90012
1342882524 90012
1342883125 90012
1342883726 90012
1342884327 90012
1342884928 90012
1342885530 90012
1342886131 90012
1342886732 90012
1342887333 90012
1342887934 90012
1342888535 90012
1342889136 90012
1342889737 90012
1342890338 90012
1342890940 90012
1342891541 90012
1342892142 90012
1342892743 90012
1342893343 90012
1342893945 90012
1342894546 90012
1342895147 90012
1342895748 90012
1342896349 90012
1342896950 90012
1342897552 90012
1342898153 90012
1342898755 90012
1342899356 90012
1342899957 90012
1342900558 90012
1342901159 90012
1342901760 90012
1342902361 90012
1342902962 90012
1342903563 90013
1342904167 90013
1342904768 90013
1342905369 90013
1342905970 90013
1342906571 90013
1342907173 90013
1342907774 90013
1342908375 90013
1342908976 89999
1342909578 89999
1342910179 89995
1342910780 89995
1342911381 89995
1342911982 89995
1342912583 89995
1342913184 89995
1342913785 89995
1342914386 89995
1342914988 89995
1342915588 89995
1342916190 89995
1342916791 89995
1342917392 89995
1342917993 89995
1342918594 89995
1342919195 89995
1342919797 89995
1342920400 89995
1342921001 89995
1342921602 89995
1342922203 89995
1342922805 89995
1342923406 89995
1342924007 89995
1342924608 89995
1342925209 89983
1342925810 89983
1342926411 89983
1342927012 89983
1342927613 89983
1342928214 89983
1342928815 89983
1342929416 89983
1342930019 89983
1342930622 89983
1342931227 89983
1342931828 89983
1342932429 89983
1342933031 89983
1342933632 89983
1342934233 89983
1342934834 89983
1342935437 89983
1342936038 89983
1342936639 89983
1342937241 89983
1342937843 89983
1342938444 89983
1342939045 89983
1342939646 89983
1342940247 89983
1342940849 89983
1342941450 89983
1342942051 89983
1342942652 89983
1342943253 89983
1342943854 89983
1342944455 89983
1342945057 89983
1342945660 89983
1342946261 89983
1342946862 89983
1342947463 89983
1342948064 89983
1342948665 89983
1342949267 89983
1342949868 89983
1342950469 89983
1342951069 89983
1342951671 89983
1342952273 89983
1342952874 89983
1342953475 89983
1342954076 89983
1342954677 89983
1342955279 89983
1342955880 89983
1342956481 89983
1342957083 89983
1342957684 89983
1342958285 89983
1342958887 89983
1342959488 89983
1342960090 89983
1342960691 89983
1342961292 89984
1342961893 89984
1342962494 89984
1342963096 89984
1342963697 89984
1342964298 89984
1342964899 89984
1342965501 89984
1342966102 89984
1342966703 89984
1342967304 89984
1342967906 89984
1342968507 89984
1342969108 89984
1342969709 89984
1342970310 89984
1342970911 89984
1342971513 89984
1342972114 89984
1342972716 89984
1342973318 89984
1342973919 89984
1342974520 89984
1342975121 89984
1342975722 89984
1342976323 89984
1342976924 89984
1342977526 89984
1342978127 89984
1342978729 89984
1342979329 89984
1342979930 89984
1342980532 89984
1342981133 89984
1342981734 89984
1342982335 89984
1342982938 89984
1342983539 89984
1342984141 89984
1342984743 89984
1342985344 89984
1342985946 89984
1342986549 89984
1342987150 89984
1342987751 89984
1342988352 89984
1342988953 89984
1342989555 89984
1342990156 89984
1342990757 89984
1342991359 89984
1342991960 89984
1342992561 89984
1342993163 89984
1342993764 89984
1342994365 89984
1342994966 89984
1342995568 89970
1342996169 89970
1342996770 89969
1342997371 89969
1342997972 89969
1342998573 89969
1342999174 89969
1342999774 89969
1343000376 89969
1343000977 89969
1343001578 89969
1343002179 89969
1343002781 89969
1343003383 89969
1343003984 89969
1343004585 89969
1343005186 89969
1343005787 89969
1343006388 89969
1343006990 89969
1343007591 89969
1343008192 89969
1343008793 89969
1343009394 89969
1343009995 89969
1343010596 89969
1343011197 89969
1343011798 89969
1343012399 89969
1343013000 89969
1343013603 89969
1343014205 89969
1343014806 89969
1343015407 89969
1343016008 89969
1343016610 89969
1343017211 89969
1343017812 89969
1343018413 89969
1343019014 89969
1343019616 89969
1343020217 89969
1343020819 89969
1343021420 89969
1343022022 89969
1343022623 89969
1343023224 89969
1343023826 89969
1343024428 89969
1343025029 89976
1343025630 89976
1343026231 89980
1343026832 89981
1343027433 89981
1343028034 89981
1343028636 89981
1343029237 89981
1343029838 89980
1343030440 89980
1343031041 89980
1343031642 89981
1343032244 89981
1343032847 89981
1343033448 89981
1343034049 89985
1343034650 89985
1343035251 90004
1343035853 90018
1343036454 90018
1343037055 90019
1343037656 90019
1343038259 90019
1343038861 90019
1343039463 90018
1343040064 90018
1343040665 90019
1343041266 90019
1343041867 90019
1343042469 90018
1343043071 90018
1343043673 90018
1343044274 90019
1343044875 90022
1343045478 90022
1343046079 90022
1343046680 90022
1343047281 90022
1343047883 90022
1343048485 90022
1343049086 90022
1343049690 90022
1343050291 90022
1343050892 90022
1343051494 90024
1343052095 90024
1343052698 90024
1343053299 90024
1343053902 90024
1343054504 90024
1343055105 90025
1343055706 90025
1343056307 90025
1343056908 90028
1343057510 90028
1343058112 90028
1343058714 90028
1343059315 90028
1343059916 90028
1343060517 90028
1343061118 90028
1343061719 90028
1343062321 90028
1343062923 90028
1343063524 90028
1343064126 90028
1343064727 90028
1343065328 90028
1343065929 90028
1343066530 90028
1343067132 90028
1343067733 90028
1343068334 90028
1343068935 90028
1343069537 90028
1343070138 90028
1343070740 90028
1343071341 90028
1343071943 90028
1343072544 90028
1343073145 90028
1343073746 90028
1343074348 90028
1343074949 90028
1343075550 90028
1343076151 90028
1343076752 90028
1343077353 90028
1343077955 90028
1343078556 90028
1343079157 90029
1343079758 90029
1343080359 90029
1343080960 90029
1343081561 90029
1343082162 90018
1343082763 90018
1343083364 90018
1343083965 90018
1343084566 90018
1343085167 90018
1343085769 90018
1343086372 90018
1343086974 90018
1343087575 90018
1343088176 90018
1343088777 90018
1343089379 90023
1343089980 90023
1343090581 90023
1343091182 90023
1343091783 90023
1343092385 90023
1343092986 90023
1343093587 90023
1343094188 90023
1343094789 90023
1343095390 90023
1343095992 90023
1343096594 90023
1343097194 90023
1343097796 90023
1343098397 90023
1343098998 90023
1343099599 90023
1343100200 90023
1343100801 90023
1343101402 90023
1343102003 90023
1343102604 90023
1343103206 90023
1343103807 90023
1343104408 90023
1343105012 90023
1343105613 90023
1343106214 90023
1343106817 90023
1343107419 90023
1343108019 90023
1343108620 90023
1343109222 90023
1343109823 90023
1343110423 90023
1343111026 90023
1343111626 90024
1343112227 90024
1343112829 90026
1343113430 90026
1343114031 90026
1343114632 90026
1343115234 90026
1343115835 90026
1343116436 90028
1343117037 90029
1343117638 90029
1343118240 90029
1343118841 90030
1343119443 90030
1343120044 90033
1343120645 90033
1343121246 90033
1343121848 90033
1343122450 90033
1343123051 90033
1343123652 90034
1343124254 90035
1343124855 90035
1343125457 90035
1343126058 90035
1343126659 90035
1343127260 90036
1343127861 90036
1343128463 90036
1343129064 90037
1343129666 90037
1343130267 90037
1343130868 90037
1343131469 90037
1343132070 90037
1343132671 90037
1343133272 90038
1343133874 90038
1343134475 90037
1343135077 90040
1343135678 90040
1343136280 90041
1343136881 90043
1343137482 90043
1343138083 90043
1343138685 90043
1343139286 90043
1343139886 90043
1343140496 90043
1343141098 90043
1343141699 90044
1343142300 90044
1343142901 90044
1343143503 90044
1343144105 90044
1343144706 90046
1343145307 90046
1343145908 90046
1343146509 90046
1343147110 90046
1343147711 90046
1343148312 90046
1343148914 90046
1343149515 90046
1343150116 90046
1343150717 90046
1343151319 90046
1343151920 90050
1343152521 90050
1343153122 90050
1343153723 90050
1343154324 90050
1343154925 90050
1343155526 90050
1343156127 90050
1343156728 90050
1343157330 90050
1343157931 90050
1343158533 90050
1343159134 90050
1343159735 90050
1343160337 90050
1343160938 90050
1343161540 90050
1343162140 90050
1343162742 90050
1343163343 90050
1343163944 90050
1343164545 90050
1343165147 90050
1343165748 90050
1343166349 90050
1343166950 90050
1343167551 90050
1343168152 90039
1343168753 90039
1343169355 90031
1343169956 90031
1343170557 90031
1343171158 90031
1343171759 90031
1343172361 90031
1343172962 90031
1343173563 90031
1343174165 90031
1343174766 90031
1343175368 90035
1343175968 90035
1343176569 90035
1343177171 90035
1343177772 90035
1343178373 90035
1343178976 90035
1343179578 90035
1343180179 90035
1343180780 90035
1343181381 90035
1343181983 90035
1343182662 90035
1343183263 90035
1343183864 90035
1343184465 90034
1343185066 90034
1343185667 90034
1343186269 90034
1343186870 90034
1343187471 90034
1343188072 90034
1343188673 90034
1343189274 90034
1343189875 90034
1343190477 90034
1343191078 90034
1343191679 90034
1343192279 90034
1343192880 90034
1343193482 90035
1343194083 90035
1343194684 90035
1343195286 90035
1343195887 90035
1343196488 90083
1343197089 90138
1343197691 90138
1343198292 90140
1343198893 90141
1343199496 90141
1343200097 90141
1343200698 90141
1343201299 90141
1343201900 90141
1343202501 90141
1343203103 90141
1343203704 90146
1343204305 90145
1343204906 90145
1343205507 90146
1343206108 90146
1343206709 90146
1343207311 90219
1343207911 90306
1343208513 90306
1343209114 90306
1343209715 90307
1343210317 90307
1343210918 90307
1343211520 90307
1343212121 90307
1343212723 90306
1343213324 90306
1343213926 90306
1343214527 90306
1343215128 90306
1343215729 90306
1343216331 90307
1343216932 90308
1343217534 90308
1343218137 90309
1343218739 90309
1343219340 90309
1343219941 90313
1343220543 90314
1343221145 90314
1343221746 90314
1343222347 90307
1343222948 90307
1343223549 90308
1343224150 90308
1343224751 90308
1343225352 90308
1343225954 90308
1343226555 90308
1343227157 90308
1343227758 90308
1343228359 90308
1343228960 90308
1343229561 90308
1343230163 90308
1343235600 90310
1343239200 90310
1343242800 90310
1343246400 90316
1343250000 90317
1343253600 90317
1343257200 90294
1343260800 90294
1343264400 90298
1343268000 90298
1343271600 90298
1343275200 90298
1343278800 90298
1343282400 90298
1343286000 90298
1343289600 90299
1343293200 90299
1343296800 90300
1343300400 90300
1343304000 90301
1343307600 90309
1343311200 90309
1343314800 90310
1343318400 90311
1343322000 90320
1343325600 90320
1343329200 90321
1343332800 90321
1343336400 90322
1343340000 90322
1343343600 90307
1343347200 90307
1343350800 90307
1343354400 90307
1343358000 90306
1343361600 90306
1343365200 90306
1343368800 90306
1343372400 90307
1343376000 90320
1343379600 90320
1343383200 90321
1343386800 90321
1343390400 90354
1343394000 90353
1343397600 90374
1343401200 90402
1343404800 90402
1343408400 90403
1343412000 90402
1343415600 90404
1343419200 90404
1343422800 90404
1343426400 90405
1343430000 90385
1343433600 90385
1343437200 90395
1343440800 90395
1343444400 90395
1343448000 90395
1343451600 90395
1343455200 90395
1343458800 90395
1343462400 90395
1343466000 90396
1343469600 90396
1343473200 90396
1343476800 90410
1343480400 90410
1343484000 90410
1343487600 90410
1343491200 90894
1343494800 91417
1343498400 91417
1343502000 91417
1343505600 91417
1343509200 91417
1343512800 91417
1343516400 91391
1343520000 91391
1343523600 91391
1343527200 91391
1343530800 91390
1343534400 91390
1343538000 91390
1343541600 91390
1343545200 91390
1343548800 91389
1343552400 91955
1343556000 91955
1343559600 92033
1343563200 92498
1343566800 93208
1343570400 93844
1343574000 93844
1343577600 93843
1343581200 93844
1343584800 94145
1343588400 94772
1343592000 94777
1343595600 94783
1343599200 94785
1343602800 94778
1343606400 94791
1343610000 94791
1343613600 94792
1343617200 94792
1343620800 94792
1343624400 94793
1343628000 94793
1343631600 94793
1343635200 94792
1343638800 95546
1343642400 97175
1343646000 98964
1343649600 100923
1343653200 102918
1343656800 104643
1343660400 105981
1343664000 107883
1343667600 112110
1343671200 115859
1343674800 118011
1343678814 120140
1343680615 121061
1343682416 122058
1343684217 123051
1343686018 124050
1343687819 125059
1343689623 125873
1343691424 126577
1343693227 127326
1343695028 128118
1343696829 128820
1343698630 129573
1343700431 130349
1343702232 131120
1343704033 131745
1343705834 132348
1343707635 132869
1343709437 133475
1343711238 134186
1343713039 135248
1343714840 136795
1343716641 138236
1343718442 139351
1343720243 140626
1343722044 142119
1343723845 143464
1343725646 144405
1343727447 145553
1343729248 146991
1343730266 147592
1343731467 148265
1343732389 148985
1343733590 150123
1343734791 150808
1343735992 151522
1343737193 152900
1343738394 153346
1343739595 153750
1343740796 154605
1343741997 155048
1343743198 155581
1343744400 156374
1343745601 156854
1343746802 157216
1343748002 158018
1343749204 158699
1343750405 160532
1343751606 161895
1343752806 163267
1343754008 165523
1343755209 166287
1343756410 167371
1343757611 169637
1343758812 170631
1343760013 171802
1343761215 173827
1343762415 174714
1343763616 175669
1343764817 177780
1343766018 178927
1343767219 179951
1343768420 182010
1343769621 183106
1343770821 184125
1343772022 186265
1343773224 187288
1343774425 188227
1343775626 188960
1343776827 188960
1343778030 188960
1343779231 188960
1343780432 188960
1343781634 188960
1343782835 188959
1343784036 188959
1343785237 188959
1343786437 188959
1343787639 188959
1343788839 188959
1343790040 188959
1343791241 188958
1343792442 188958
1343793643 188958
1343794844 188958
1343796045 188958
1343797249 188957
1343798450 188957
1343799651 188957
1343800852 190846
1343802053 191985
1343803254 193252
1343804456 195449
1343805656 196508
1343806857 197682
1343808058 200450
1343809259 201743
1343810460 202973
1343811661 205704
1343812862 207109
1343814063 208410
1343815264 210759
1343816466 211053
1343817667 211318
1343818868 211851
1343820069 212128
1343821269 212404
1343822471 214417
1343823672 215233
1343824873 216514
1343826074 219119
1343827275 220447
1343828476 221667
1343829677 224278
1343830878 225464
1343832079 226776
1343833280 229398
1343834481 230740
1343835682 231998
1343836883 232602
1343838084 232859
1343839285 233072
1343840486 233349
1343841687 233462
1343842888 233873
1343844089 236106
1343845291 237356
1343846491 238711
1343847695 241265
1343848896 242530
1343850097 243815
1343851298 246383
1343852499 247498
1343853700 248864
1343854901 251376
1343856102 252091
1343857303 252110
1343858505 252145
1343859706 252148
1343860907 252149
1343862108 252165
1343863309 253043
1343864510 253777
1343865711 255606
1343866912 256669
1343868113 257787
1343869314 259661
1343870515 260432
1343871716 261316
1343872917 263310
1343874118 264338
1343875319 265225
1343876520 266942
1343877721 267782
1343878922 268623
1343880123 270323
1343881324 271178
1343882525 272090
1343883726 273964
1343884927 274320
1343886128 274399
1343887329 276190
1343888530 276704
1343889732 276706
1343890933 276706
1343892134 276708
1343893335 276815
1343894536 277328
1343895737 277578
1343896937 278199
1343898139 280234
1343899339 281209
1343900540 282226
1343901741 284628
1343902942 285876
1343904143 287094
1343905344 289659
1343906546 290951
1343907747 292210
1343908948 294743
1343910149 296055
1343911350 297307
1343912550 299791
1343913751 301023
1343914952 302323
1343916153 304731
1343917354 305001
1343918558 305283
1343919759 305742
1343920959 306021
1343922160 306298
1343923361 306826
1343924562 307082
1343925763 307334
1343926964 307537
1343928165 307556
1343929366 307573
1343930567 307607
1343931769 307620
1343932969 307635
1343934171 307662
1343935372 307678
1343936573 307692
1343937774 307721
1343938976 307735
1343940177 307752
1343941378 307777
1343942579 307793
1343943780 307811
1343944981 307836
1343946182 307821
1343947383 307820
1343948587 307827
1343949788 307827
1343950989 307827
1343952190 307828
1343953391 307833
1343954592 307833
1343955796 307834
1343956996 307835
1343958197 307836
1343959398 307841
1343960599 307841
1343961801 307837
1343963002 307838
1343964203 307840
1343965404 307840
1343966605 307843
1343967806 307845
1343969007 307846
1343970208 307849
1343971410 307849
1343972611 307849
1343973812 307849
1343975013 307849
1343976214 307856
1343977415 307861
1343978616 307873
1343979817 307879
1343981019 308164
1343982220 308416
1343983421 308686
1343984622 309180
1343985823 309394
1343987024 309615
1343988225 310145
1343989427 310416
1343990628 310678
1343991829 311228
1343993030 311515
1343994231 311803
1343995432 312382
1343996633 312696
1343997834 313025
1343999035 314008
1344000236 314646
1344001437 315232
1344002638 316474
1344003839 317112
1344005040 317757
1344006242 319012
1344007442 319618
1344008644 320236
1344009845 321504
1344011046 322138
1344012247 322630
1344013448 323588
1344014649 323814
1344015850 324017
1344017054 324432
1344018255 324653
1344019456 324834
1344020657 325223
1344021858 325413
1344023059 325591
1344024260 325922
1344025461 326031
1344026662 326130
1344027863 326294
1344029064 326300
1344030265 326426
1344031466 326661
1344032668 326741
1344033869 326851
1344035070 327104
1344036271 327210
1344037473 327351
1344038673 327584
1344039874 327670
1344041076 327671
1344042279 327669
1344043480 327667
1344044681 327667
1344045882 327668
1344047083 327668
1344048284 327661
1344049485 327664
1344050686 327664
1344051886 327664
1344053087 327667
1344054292 327668
1344055493 327668
1344056694 327669
1344057895 327669
1344059096 327669
1344060297 327670
1344061498 327674
1344062699 327678
1344063078 327678
1344064279 327678
1344065480 327688
1344066681 327691
1344067882 327694
1344069083 327698
1344070284 327699
1344071485 327699
1344072686 327707
1344073887 327709
1344075088 327720
1344076289 327742
1344077490 327743
1344078691 327739
1344079892 327748
1344081093 327756
1344082294 327758
1344083495 327773
1344084696 327775
1344085897 327781
1344087098 327786
1344088299 327794
1344089500 327793
1344090701 327800
1344091902 327800
1344093103 327800
1344094304 327821
1344095505 327825
1344096708 327828
1344097909 327845
1344099110 327885
1344100311 327921
1344101512 328001
1344102713 328024
1344103914 328053
1344105115 328132
1344106316 328176
1344107517 328211
1344108718 328290
1344109920 328329
1344111120 328372
1344112321 328451
1344113523 328487
1344114724 328486
1344115925 328493
1344117125 328493
1344118327 328495
1344119528 328484
1344120729 328485
1344121930 328486
1344123131 328487
1344124332 328487
1344125533 328487
1344126734 328488
1344127935 328488
1344129136 328488
1344130339 328488
1344131540 328488
1344132741 328488
1344133942 328481
1344135143 328481
1344136344 328481
1344137545 328481
1344138746 328481
1344139948 328481
1344141149 328483
1344142350 328484
1344143551 328484
1344144752 328490
1344145953 328494
1344147154 328494
1344148354 328493
1344149556 328493
1344150757 328492
1344151960 328494
1344153161 328493
1344154362 328494
1344155563 328499
1344156764 328502
1344157965 328509
1344159166 328522
1344160367 328522
1344161568 328526
1344162769 328543
1344163970 328553
1344165171 328559
1344166372 328560
1344167573 328563
1344168773 328564
1344169974 328571
1344171175 328571
1344172376 328572
1344173577 328577
1344174778 328577
1344175979 328579
1344177180 328576
1344178381 328579
1344179582 328586
1344180783 328591
1344181984 328592
1344183185 328593
1344184388 328614
1344185589 328858
1344186790 329101
1344187991 329620
1344189192 329889
1344190393 330158
1344191594 330691
1344192795 330971
1344193996 331239
1344195197 331767
1344196398 332040
1344197599 332316
1344198800 332857
1344200001 333117
1344201202 333391
1344202403 333929
1344203604 334204
1344204805 334477
1344206006 334968
1344207209 335222
1344208410 335488
1344209611 335998
1344210812 336269
1344212012 336538
1344213214 337071
1344214415 337337
1344215616 337605
1344216817 338134
1344218018 338333
1344219219 338337
1344220420 338329
1344221621 338329
1344222822 338329
1344224023 338329
1344225224 338329
1344226425 338329
1344227626 338329
1344228828 338330
1344230031 338330
1344231232 338331
1344232433 338331
1344233636 338331
1344234838 338330
1344236039 338333
1344237240 338333
1344238441 338653
1344239642 338916
1344240843 339166
1344242044 339687
1344243245 339951
1344244446 340216
1344245647 340736
1344246848 341001
1344248050 341273
1344249251 341810
1344250452 342085
1344251653 342367
1344252854 342905
1344254055 343168
1344255256 343434
1344256457 343965
1344257658 344231
1344258859 344494
1344260060 345020
1344261262 345265
1344262463 345533
1344263664 346062
1344264865 346330
1344266066 346602
1344267267 347144
1344268468 347409
1344269669 347674
1344270870 348013
1344272071 348013
1344273272 348015
1344274473 348014
1344275675 348017
1344276876 348019
1344278077 348024
1344279278 348022
1344280479 348024
1344280737 348025
1344281939 348025
1344282694 348027
1344283196 348027
1344283394 348030
1344283573 348030
1344284775 348175
1344285977 348706
1344287179 349004
1344288381 349300
1344289583 349842
1344290785 350094
1344291987 350333
1344293188 350858
1344294391 351122
1344295593 351376
1344296795 351884
1344297997 352151
1344299198 352425
1344300400 352943
1344301602 353215
1344302804 353476
1344304009 354014
1344305211 354282
1344306413 354552
1344307614 355060
1344308816 355319
1344310019 355584
1344311220 356107
1344312422 356357
1344313624 356617
1344314826 357144
1344316028 357408
1344317230 357640
1344318432 357750
1344319634 357750
1344320836 357751
1344322038 358150
1344323240 358422
1344324442 358703
1344325643 359286
1344326845 359573
1344328047 359845
1344329250 360396
1344330452 360641
1344331654 360909
1344332855 361453
1344334057 361729
1344335259 361997
1344336461 362535
1344337663 362812
1344338865 363095
1344340066 363655
1344341268 363926
1344342470 364655
1344343673 367489
1344344874 368946
1344346076 370677
1344347277 374628
1344348479 376624
1344349681 378653
1344350884 382172
1344352085 383906
1344353288 385613
1344354490 388621
1344355692 390042
1344356893 391694
1344358095 392982
1344359297 393234
1344360499 393539
1344361701 395514
1344362903 397258
1344364105 399056
1344365307 402702
1344366509 404497
1344367711 406303
1344368913 409880
1344370115 411649
1344371317 413263
1344372519 416555
1344373721 418236
1344374923 419867
1344376125 423138
1344377326 424717
1344378528 426657
1344379730 430322
1344380932 431979
1344382135 433409
1344383337 436593
1344384539 438211
1344385742 439832
1344386944 443028
1344388146 444351
1344389348 445549
1344390550 448098
1344391752 449471
1344392954 450839
1344394156 453330
1344395358 454505
1344396560 455584
1344397762 457794
1344398964 458923
1344400166 460027
1344401368 462391
1344402570 463577
1344403771 464776
1344404973 467407
1344406175 468749
1344407129 470087
1344408330 472808
1344409532 474115
1344410734 475332
1344411936 478406
1344413138 479981
1344414340 481548
1344415542 484650
1344416743 486210
1344417945 487770
1344419147 490751
1344420349 492314
1344421551 493862
1344422754 496960
1344423956 498511
1344424560 500086
1344425762 501675
1344426964 503227
1344428167 506316
1344429371 507801
1344430574 509307
1344431776 512270
1344432978 513725
1344434180 515189
1344435381 516075
1344436583 516375
1344437785 516678
1344438987 517255
1344440189 517550
1344441391 517845
1344442592 518249
1344443795 518301
1344444996 518548
1344446198 519062
1344447400 519328
1344448601 519583
1344449803 520125
1344451005 520372
1344452207 520641
1344453409 521178
1344454610 521442
1344455812 521711
1344457014 522261
1344458216 522536
1344459418 522808
1344460620 523344
1344461821 523621
1344463023 523880
1344464225 524379
1344465427 524601
1344466629 524853
1344467831 525367
1344469033 525624
1344470235 525896
1344471436 526436
1344472639 526703
1344473840 526970
1344475042 527508
1344476244 527780
1344477446 527922
1344478648 527923
1344479850 527901
1344481051 527900
1344482253 527900
1344483455 527900
1344484657 527900
1344485859 527900
1344487061 527902
1344488262 527902
1344489464 527903
1344490666 527903
1344491868 527903
1344493070 527905
1344494272 527906
1344495474 527910
1344496676 527920
1344497880 527964
1344499082 527993
1344500284 528025
1344501485 528267
1344502687 528538
1344503889 529110
1344505091 529365
1344506293 529635
1344507495 530145
1344508697 530415
1344509899 530678
1344511101 531208
1344512303 531475
1344513505 531745
1344514707 532268
1344515908 532539
1344517110 532803
1344518314 533402
1344519516 533668
1344520718 533936
1344521922 534475
1344523124 534747
1344524326 535017
1344525528 535561
1344526729 535830
1344527931 536100
1344529133 536629
1344530335 536877
1344531537 537145
1344532739 537733
1344533941 537811
1344535143 537818
1344536347 537867
1344537549 537884
1344538751 537897
1344539954 537919
1344541156 537915
1344542358 537915
1344543561 537975
1344544763 537972
1344545965 537969
1344547167 537973
1344548369 537974
1344549571 537975
1344550773 537954
1344551975 537954
1344553179 537954
1344554381 537952
1344555583 537952
1344556785 537952
1344557987 537954
1344559189 537954
1344560391 537953
1344561593 537953
1344562794 537953
1344563996 537954
1344565198 537953
1344566402 537924
1344567604 537924
1344568806 537924
1344570011 537924
1344571213 537924
1344572415 537924
1344573618 537933
1344574820 537947
1344576022 537950
1344577224 537958
1344578425 537959
1344579628 537959
1344580830 537959
1344582032 537958
1344583234 537962
1344584436 537963
1344585638 538317
1344586840 538578
1344588042 538850
1344589244 539378
1344590446 539653
1344591648 539926
1344592850 540505
1344594051 540788
1344595253 541091
1344596455 541685
1344597657 541962
1344598859 542229
1344600061 542773
1344601263 543049
1344602465 543328
1344603667 543889
1344604869 544169
1344606071 544465
1344607273 544504
1344608475 544503
1344609677 544796
1344610880 545373
1344612081 545644
1344613283 545915
1344614485 546464
1344615687 546728
1344616889 547005
1344618091 547101
1344619293 547104
1344620495 547101
1344621697 547103
1344622899 547105
1344624101 547106
1344625302 547116
1344626504 547113
1344627706 547115
1344628908 547152
1344630110 547157
1344631312 547155
1344632514 547156
1344633716 547162
1344634918 547169
1344636120 547178
1344637322 547155
1344638525 547117
1344639726 547086
1344640928 547083
1344642130 547084
1344643332 547084
1344644534 547085
1344645736 547085
1344646939 547085
1344648141 547085
1344649343 547086
1344650545 547087
1344651904 547087
1344653106 547048
1344654310 547048
1344655512 547048
1344656714 547051
1344657916 547052
1344659118 547052
1344660320 547055
1344661523 547055
1344662724 547054
1344663926 547054
1344665128 547054
1344666330 547056
1344667532 547061
1344668734 547059
1344669936 547060
1344671138 547073
1344672340 547074
1344673542 547073
1344674744 547078
1344675946 547085
1344677147 547086
1344678349 547104
1344679551 547109
1344680753 547111
1344681955 547113
1344683157 547116
1344684358 547117
1344685561 547121
1344686762 547126
1344687965 547131
1344689167 547130
1344690369 547134
1344691571 547138
1344692773 547133
1344693975 547133
1344695177 547161
1344696379 547174
1344697581 547176
1344698783 547176
1344699985 547182
1344701187 547183
1344702389 547184
1344703591 547189
1344704792 547189
1344705994 547187
1344707196 547192
1344708398 547198
1344709600 547198
1344710802 547203
1344712004 547205
1344713206 547210
1344714408 547214
1344715610 547219
1344716812 547223
1344718014 547239
1344719216 547244
1344720418 547247
1344721620 547248
1344722821 547247
1344724023 547237
1344725227 547234
1344726429 547237
1344727631 547237
1344728834 547234
1344730036 547234
1344731239 547235
1344732440 547235
1344733642 547235
1344734844 547235
1344736046 547236
1344737248 547237
1344738450 547236
1344739652 547196
1344740854 547197
1344742056 547197
1344743258 547198
1344744462 547198
1344745664 547198
1344746866 547201
1344748068 547201
1344749270 547204
1344750472 547204
1344751673 547203
1344752878 547201
1344754080 547201
1344755282 547202
1344756487 547201
1344757689 547204
1344758890 547205
1344760093 547203
1344761295 547196
1344762497 547196
1344763699 547203
1344764901 547207
1344766102 547207
1344767304 547209
1344768507 547208
1344769709 547212
1344770911 547212
1344772112 547219
1344773314 547219
1344774517 547219
1344775719 547226
1344776921 547225
1344778123 547233
1344779324 547235
1344780526 547239
1344781729 547242
1344782931 547254
1344784132 547253
1344785334 547257
1344786536 547263
1344787738 547266
1344788940 547262
1344790142 547265
1344791343 547267
1344792545 547269
1344793747 547270
1344794949 547271
1344796151 547274
1344797353 547277
1344798555 547275
1344799758 547276
1344800959 547281
1344802161 547287
1344803363 547298
1344804566 547294
1344805768 547294
1344806972 547295
1344808174 547295
1344809376 547296
1344810578 547282
1344811779 547270
1344812981 547273
1344814183 547275
1344815385 547281
1344816587 547282
1344817789 547282
1344818991 547283
1344820193 547284
1344821395 547285
1344822597 547285
1344823799 547285
1344825001 547285
1344826203 547230
1344827406 547231
1344828608 547231
1344829809 547231
1344831011 547231
1344832213 547231
1344833415 547231
1344834617 547231
1344835819 547231
1344837021 547233
1344838225 547233
1344839427 547229
1344840629 547229
1344841830 547230
1344843032 547518
1344844234 547774
1344845436 548037
1344846638 548606
1344847840 548895
1344849042 549183
1344850244 549751
1344851446 550024
1344852648 550316
1344853850 550879
1344855051 551181
1344856253 551464
1344857455 552004
1344858657 552273
1344859859 552531
1344861061 553084
1344862263 553376
1344863465 553667
1344864667 554266
1344865869 554540
1344867071 554835
1344868272 555428
1344869474 555727
1344870676 556029
1344871878 556597
1344873080 556865
1344874282 557106
1344875484 557114
1344876686 557117
1344877888 557117
1344879090 557117
1344880294 557119
1344881496 557122
1344882698 557126
1344883900 557126
1344885102 557127
1344886304 557135
1344887506 557140
1344888708 557141
1344889910 557144
1344891112 557147
1344892314 557148
1344893515 557145
1344894717 557146
1344895919 557148
1344897121 557107
1344898322 557105
1344899524 557104
1344900726 557105
1344901928 557106
1344903129 557107
1344904331 557106
1344905533 557107
1344906735 557108
1344907937 557111
1344909139 557111
1344910340 557111
1344911542 557087
1344912744 557087
1344913946 557087
1344915147 557086
1344916349 557086
1344917551 557088
1344918754 557094
1344919958 557096
1344921160 557096
1344922362 557096
1344923564 557097
1344924766 557098
1344925968 557097
1344927170 557098
1344928372 557100
1344929574 557483
1344930776 557743
1344931978 558003
1344933180 558541
1344934382 558821
1344935583 559082
1344936785 559634
1344937987 559926
1344939189 560190
1344940391 560727
1344941593 561004
1344942794 561281
1344943996 561830
1344945198 562119
1344946400 562395
1344947602 562957
1344948803 563234
1344950005 563517
1344951207 564063
1344952409 564342
1344953611 564614
1344954813 565183
1344956015 565480
1344957217 565790
1344958418 566400
1344959620 566705
1344960822 566882
1344962024 567189
1344963226 567323
1344964428 567470
1344965629 567750
1344966832 567886
1344968033 568021
1344969235 568322
1344970437 568635
1344971639 568953
1344972840 569586
1344974042 569906
1344975244 570234
1344976446 570877
1344977648 571185
1344978850 571498
1344980051 572065
1344981254 572341
1344982456 572608
1344983660 573124
1344984861 573402
1344986066 573673
1344987268 574197
1344988470 574472
1344989671 574740
1344990876 575140
1344992078 575140
1344993279 575141
1344994481 575147
1344995683 575155
1344996885 575156
1344998087 575125
1344999289 575128
1345000491 575130
1345001692 575129
1345002894 575129
1345004096 575130
1345005298 575131
1345006499 575131
1345007701 575131
1345008903 575131
1345010105 575132
1345011307 575126
1345012509 575128
1345013711 575130
1345014913 575153
1345016115 575325
1345017317 575581
1345018519 576118
1345019721 576407
1345020923 576665
1345022125 577122
1345023326 577393
1345024528 577443
1345025730 577462
1345026932 577461
1345028134 577469
1345029335 577470
1345030537 577474
1345031739 577485
1345032941 577496
1345034142 577501
1345035344 577501
1345036546 577514
1345037747 577520
1345038949 577529
1345040152 577540
1345041354 577551
1345042556 577551
1345043759 577657
1345044961 577904
1345046163 578161
1345047364 578671
1345048566 578948
1345049768 579217
1345050970 579766
1345052172 580034
1345053374 580287
1345054575 580833
1345055777 581103
1345056979 581369
1345058180 581910
1345059382 582181
1345060584 582459
1345061786 582999
1345062988 583257
1345064190 583533
1345065392 584072
1345066594 584352
1345067795 584627
1345068997 585140
1345070199 585358
1345071401 585605
1345072603 586071
1345073804 586330
1345075006 586594
1345076208 587109
1345077410 587235
1345078612 587236
1345079814 587237
1345081015 587238
1345082217 587238
1345083419 587237
1345084620 587205
1345085822 587203
1345087024 587203
1345088228 587203
1345089430 587203
1345090631 587204
1345091833 587204
1345093035 587205
1345094237 587207
1345095439 587208
1345096640 587211
1345097842 587215
1345099044 587214
1345100246 587214
1345101448 587238
1345102650 587244
1345149178 598228
1345150380 598267
1345151582 598299
1345152784 598370
1345153986 598406
1345155188 598441
1345156389 598476
1345157591 598501
1345158793 598538
1345159995 598612
1345161197 598652
1345162399 598690
1345163600 598711
1345164802 598710
1345166004 598710
1345167206 598710
1345168407 598710
1345169609 598709
1345170811 598672
1345172013 598666
1345173215 598665
1345174417 598666
1345175619 598666
1345176821 598666
1345178022 598670
1345179224 598671
1345180426 598671
1345180945 598671
1345182148 598671
1345183351 598670
1345184555 598670
1345185759 598672
1345186963 598673
1345188166 598676
1345189370 598878
1345190573 599396
1345191777 599667
1345192981 599939
1345194185 600485
1345195388 600766
1345196594 601036
1345197798 601599
1345199001 601894
1345200205 602203
1345201409 602819
1345202612 603131
1345203816 603444
1345205019 604056
1345206223 604360
1345207427 604665
1345208631 605260
1345209835 605584
1345211039 605894
1345212243 606516
1345213446 606819
1345214651 607118
1345215855 607704
1345217058 608003
1345218262 608298
1345219466 608884
1345220670 609186
1345221873 609339
1345223077 609643
1345224281 609784
1345225485 609917
1345226688 610222
1345227892 610374
1345229096 610520
1345230299 610840
1345231503 611024
1345232707 611632
1345233911 611930
1345235115 612234
1345236319 612842
1345237523 613146
1345238726 613456
1345239930 614052
1345241134 614349
1345242338 614617
1345243542 615195
1345244746 615468
1345245950 615721
1345247154 616257
1345248360 616532
1345249564 616797
1345250768 617327
1345251971 617434
1345253175 617434
1345254379 617435
1345255582 617435
1345256787 617435
1345257991 617366
1345259195 617366
1345260399 617365
1345261602 617365
1345262806 617365
1345264009 617365
1345265213 617365
1345266417 617365
1345267620 617365
1345268824 617367
1345270028 617369
1345271234 617373
1345272437 617377
1345273641 617378
1345274845 617380
1345276049 617381
1345277252 617381
1345278456 617383
1345279659 617390
1345280863 617395
1345282067 617396
1345283271 617401
1345284475 617409
1345285678 617411
1345286882 617416
1345288086 617416
1345289289 617423
1345290493 617441
1345291698 617442
1345292901 617458
1345294106 617463
1345295309 617467
1345296513 617453
1345297716 617533
1345298920 617568
1345300124 617610
1345301327 617687
1345302531 617726
1345303735 617767
1345304938 617842
1345306142 617880
1345307346 617921
1345308552 617999
1345309756 618032
1345310960 618073
1345312163 618140
1345313367 618170
1345314571 618203
1345315775 618260
1345316978 618298
1345318182 618324
1345319386 618327
1345320589 618329
1345321793 618327
1345322996 618340
1345324200 618338
1345325404 618339
1345326608 618344
1345327811 618347
1345329016 618334
1345330220 618337
1345331424 618337
1345332628 618338
1345333833 618338
1345335037 618338
1345336241 618339
1345337444 618339
1345338648 618340
1345339852 618344
1345341055 618344
1345342259 618343
1345343463 618297
1345344667 618255
1345345871 618255
1345347074 618255
1345348278 618255
1345349482 618255
1345350688 618256
1345351892 618256
1345353098 618256
1345354302 618256
1345355506 618256
1345356709 618256
1345357913 618260
1345359117 618260
1345360320 618260
1345361524 618257
1345362728 618257
1345363932 618256
1345365136 618261
1345366339 618263
1345367543 618261
1345368747 618261
1345369950 618261
1345371154 618258
1345372358 618263
1345373563 618263
1345374767 618265
1345375971 618272
1345377175 618268
1345378378 618258
1345379582 618258
1345380786 618257
1345381990 618258
1345383194 618258
1345384397 618258
1345385604 618264
1345386808 618266
1345388012 618266
1345389216 618269
1345390419 618268
1345391623 618269
1345392827 618272
1345394038 618291
1345395242 618330
1345396446 618367
1345397649 618401
1345398853 618417
1345400059 618422
1345401263 618447
1345402467 618447
1345403671 618447
1345404874 618449
1345406078 618448
1345407283 618450
1345408487 618447
1345409691 618447
1345410894 618449
1345412098 618452
1345413301 618452
1345414505 618451
1345415709 618431
1345416914 618433
1345418118 618434
1345419322 618432
1345420527 618433
1345421734 618432
1345422937 618433
1345424141 618433
1345425344 618434
1345426548 618434
1345427752 618434
1345428956 618434
1345430162 618378
1345431366 618350
1345432570 618350
1345433776 618350
1345434980 618350
1345436184 618350
1345437388 618350
1345438592 618351
1345439795 618352
1345440999 618352
1345442203 618352
1345443407 618353
1345444610 618353
1345445815 618355
1345447018 618363
1345448222 618377
1345449426 618378
1345450629 618384
1345451833 618383
1345453037 618380
1345454242 618382
1345455446 618388
1345456649 618389
1345457853 618392
1345459057 618392
1345460260 618390
1345461464 618393
1345462668 618384
1345463872 618385
1345465076 618399
1345466280 618397
1345467484 618397
1345468688 618399
1345469892 618403
1345471096 618405
1345472299 618412
1345473503 618416
1345474707 618414
1345475911 618416
1345477115 618426
1345478319 618428
1345479523 618427
1345480726 618431
1345481930 618438
1345483134 618443
1345484338 618486
1345485542 618526
1345486746 618597
1345487950 618638
1345489154 618680
1345490358 618787
1345491561 618823
1345492765 618860
1345493969 618943
1345495172 618986
1345496376 619023
1345497580 619086
1345498784 619086
1345499988 619102
1345501192 619119
1345502395 619144
1345503600 619170
1345504804 619249
1345506008 619290
1345507212 619366
1345508416 619401
1345509619 619441
1345510823 619517
1345512029 619552
1345513232 619591
1345514436 619666
1345515640 619701
1345516844 619660
1345518048 619658
1345519252 619658
1345520456 619658
1345521659 619658
1345522864 619658
1345524072 619667
1345525276 619668
1345526480 619669
1345527684 619669
1345528888 619669
1345530092 619669
1345531296 619670
1345532500 619675
1345533704 619677
1345534907 619682
1345536111 619686
1345537315 619703
1345538519 619722
1345539723 619707
1345540927 619730
1345542130 619974
1345543334 620513
1345544538 620764
1345545742 621025
1345546946 621597
1345548149 621907
1345549353 622185
1345550557 622734
1345551761 623010
1345552964 623266
1345554168 623817
1345555372 624079
1345556575 624351
1345557780 624900
1345558983 625173
1345560188 625436
1345561392 625963
1345562596 626240
1345563800 626512
1345565003 627043
1345566207 627306
1345567411 627578
1345568615 628106
1345569819 628371
1345571023 628644
1345572227 629185
1345573431 629453
1345574636 629724
1345575840 630257
1345577044 630530
1345578248 630794
1345579451 631328
1345580656 631601
1345581861 631871
1345583065 632416
1345584269 632682
1345585473 632949
1345586677 633475
1345587881 633685
1345589084 633941
1345590288 634473
1345591492 634726
1345592696 634997
1345593900 635534
1345595104 635803
1345596308 636337
1345597514 636605
1345598718 636869
1345599922 637398
1345601126 637659
1345602330 637927
1345603534 638416
1345604737 638669
1345605941 638932
1345607145 639003
1345608349 639003
1345609554 639002
1345610760 639001
1345611964 639001
1345613168 639001
1345614374 639000
1345615578 639002
1345616782 639002
1345617986 639013
1345619190 639013
1345620393 639014
1345621597 639021
1345622801 639031
1345624005 639119
1345625209 639562
1345626413 639828
1345627617 640122
1345628821 640671
1345630025 640960
1345631229 641234
1345632432 641809
1345633636 642100
1345634839 642403
1345636044 642977
1345637248 643265
1345638452 643559
1345639656 644052
1345640859 644335
1345642063 644599
1345643267 645132
1345644471 645437
1345645675 645754
1345646879 646323
1345648083 646627
1345649286 646912
1345650490 647513
1345651694 647806
1345652898 648083
1345654102 648666
1345655305 648952
1345656509 649229
1345657713 649773
1345658917 650068
1345660121 650380
1345661324 650961
1345662528 651254
1345663733 651547
1345664937 652112
1345666140 652411
1345667344 652693
1345668548 653265
1345669752 653557
1345670956 653829
1345672159 654380
1345673364 654652
1345674568 654899
1345675772 655436
1345676976 655709
1345678180 656030
1345679384 656587
1345680588 656852
1345681794 657120
1345682998 657649
1345684202 657914
1345685406 658431
1345686610 658689
1345687814 658957
1345689020 659015
1345690224 658995
1345691427 658995
1345692631 658995
1345693835 658995
1345695038 658996
1345696242 658998
1345697446 658999
1345698650 658999
1345699853 658996
1345701057 658996
1345702261 658996
1345703465 658996
1345704671 658996
1345705875 658998
1345707078 659024
1345708282 659033
1345709486 659054
1345710690 659068
1345711894 659072
1345713098 659076
1345714301 659092
1345715506 659095
1345716709 659091
1345717913 659641
1345719117 659903
1345720321 660171
1345721524 660709
1345722729 660987
1345723933 661245
1345725136 661779
1345726340 662028
1345727543 662293
1345728747 663039
1345729951 663449
1345731155 663732
1345732359 664607
1345733562 664965
1345734767 665238
1345735970 665956
1345737174 666339
1345738379 666727
1345739583 667473
1345740787 667859
1345741991 668227
1345743195 668988
1345744399 669375
1345745603 669762
1345746806 670474
1345748011 670718
1345749214 671024
1345750419 671753
1345751623 672132
1345752827 672498
1345754030 673215
1345755234 673573
1345755938 673943
1345757142 674324
1345758346 675071
1345759550 675429
1345760754 675740
1345761958 676454
1345763163 676816
1345764366 677170
1345765571 677874
1345766775 678246
1345767978 678612
1345769182 679335
1345770386 679694
1345771590 680064
1345772794 680804
1345773998 681173
1345775203 681541
1345776407 682199
1345777611 682534
1345778816 682900
1345780019 683626
1345781223 683981
1345782428 684303
1345783632 684476
1345784836 684573
1345786042 684669
1345787246 684865
1345788450 684959
1345789653 685038
1345790857 685234
1345792061 685334
1345793265 685447
1345794468 685598
1345795672 685677
1345796877 685804
1345798081 686053
1345799284 686144
1345800488 686243
1345801692 686571
1345802896 686925
1345804100 687303
1345805303 688067
1345806508 688429
1345807711 688795
1345808915 689518
1345810119 689888
1345811323 690252
1345812527 690977
1345813732 691348
1345814936 691693
1345816140 692444
1345817344 692812
1345818548 693173
1345819752 693914
1345820956 694279
1345822160 694624
1345823364 695375
1345824567 695746
1345825771 696076
1345826975 696713
1345828179 697071
1345829383 697424
1345830587 698113
1345831790 698459
1345832994 698801
1345834198 699543
1345835402 699907
1345836607 700633
1345837811 700981
1345839015 701339
1345840221 702060
1345841424 702413
1345842628 702777
1345843832 703513
1345845036 703867
1345846239 704255
1345847443 704930
1345848647 705253
1345849851 705616
1345851055 706285
1345852259 706637
1345853463 706997
1345854667 707691
1345855870 708058
1345857074 708428
1345858278 709103
1345859482 709454
1345860686 709754
1345861890 710247
1345863096 710510
1345864302 710773
1345865506 710922
1345866710 710922
1345867914 710922
1345869118 710924
1345870321 710924
1345871525 710924
1345872729 710924
1345873933 710924
1345875137 710924
1345876340 710929
1345877544 710930
1345878748 710930
1345879952 710930
1345881156 710938
1345882359 710939
1345883563 710945
1345884767 710945
1345885971 710952
1345887175 710950
1345888378 710955
1345889582 710958
1345890786 710971
1345891990 711150
1345893194 711405
1345894398 711931
1345895602 712200
1345896806 712472
1345898010 713002
1345899214 713262
1345900417 713521
1345901621 714070
1345902825 714360
1345904029 714620
1345905232 715168
1345906436 715432
1345907639 715697
1345908843 716239
1345910047 716512
1345911250 716779
1345912454 717312
1345913659 717582
1345914862 717842
1345916066 718378
1345917270 718659
1345918474 718935
1345919678 719474
1345920882 719739
1345922086 720006
1345923290 720536
1345924494 720811
1345925698 721083
1345926902 721609
1345928106 721882
1345929310 722424
1345930514 722693
1345931718 722958
1345932922 723464
1345934126 723721
1345935330 723990
1345936534 724515
1345937738 724780
1345938941 725042
1345940146 725570
1345941350 725841
1345942554 726100
1345943757 726641
1345944962 726908
1345946165 727184
1345947369 727703
1345948573 727879
1345949777 728141
1345950981 728668
1345952185 728930
1345953389 729195
1345954593 729729
1345955797 729753
1345957001 729753
1345958205 729758
1345959409 729758
1345960613 729758
1345961816 729758
1345963020 729759
1345964224 729758
1345965428 729778
1345966635 729781
1345967838 729783
1345969042 729784
1345970246 729783
1345971449 729791
1345972653 729794
1345973857 729801
1345975060 729807
1345976264 729809
1345977468 729815
1345978672 729815
1345979876 729817
1345981080 729816
1345982284 729821
1345983487 729826
1345984691 729828
1345985894 729828
1345987100 729834
1345988303 729830
1345989507 729829
1345990711 729833
1345991915 729831
1345993119 729833
1345994323 729843
1345995527 729846
1345996731 729847
1345997934 729844
1345999138 729834
1346000342 729833
1346001546 729826
1346002749 729826
1346003953 729827
1346005157 729817
1346006361 729822
1346007565 729822
1346008768 729824
1346009972 729826
1346011176 729826
1346012380 729827
1346013584 729827
1346014787 729828
1346015991 729835
1346017195 729834
1346018399 729833
1346019604 729813
1346020807 729805
1346022011 729828
1346023215 729828
1346024419 729828
1346025623 729828
1346026829 729828
1346028032 729829
1346029236 729830
1346030440 729830
1346031645 729829
1346032848 729829
1346034052 729827
1346035256 729732
1346036460 729712
1346037667 729712
1346038872 729712
1346040076 729712
1346041283 729712
1346042487 729712
1346043691 729712
1346044896 729712
1346046099 729713
1346047303 729713
1346048507 729711
1346049710 729715
1346050914 729714
1346052118 729716
1346053322 729733
1346054525 730239
1346055729 730492
1346056933 730757
1346058137 731881
1346059342 732373
1346060546 732649
1346061750 733174
1346062955 733442
1346064159 733715
1346065363 734241
1346066567 734506
1346067771 734776
1346068975 735312
1346070179 735568
1346071383 735838
1346072587 736372
1346073791 736649
1346074995 736920
1346076199 737454
1346077403 737730
1346078607 738003
1346079811 738551
1346081015 738818
1346082218 739090
1346083423 739623
1346084630 739890
1346085835 740148
1346087038 740696
1346088242 740964
1346089446 741228
1346090650 741769
1346091855 742045
1346093059 742317
1346094262 742856
1346095466 743099
1346096670 743376
1346097874 743874
1346099078 744139
1346100282 744411
1346101486 744946
1346102690 745195
1346103894 745462
1346105097 745991
1346106301 746244
1346107506 746505
1346108709 747027
1346109914 747289
1346111118 747822
1346112322 748091
1346113526 748359
1346114729 748886
1346115952 749143
1346117158 749254
1346118363 749254
1346119569 749253
1346120787 749253
1346121992 749184
1346123200 749184
1346124406 749183
1346125612 749183
1346126817 749183
1346128023 749183
1346129229 749183
1346130436 749183
1346131641 749183
1346132847 749184
1346134055 749180
1346135259 749180
1346136463 749182
1346137667 749185
1346138871 749205
1346140075 749308
1346141279 749544
1346142482 749808
1346143687 750328
1346144890 750328
1346146094 750328
1346147299 750328
1346148507 750328
1346149711 750328
1346150915 750328
1346152119 750328
1346153325 750328
1346154529 750328
1346155733 750328
1346156946 750328
1346158156 754443
1346159365 754712
1346160578 754978
1346161782 755477
1346162986 755762
1346164190 756050
1346165394 756587
1346166598 756856
1346167802 757124
1346169006 757742
1346170212 758026
1346171416 758541
1346172620 758804
1346173824 759071
1346175028 759594
1346176232 759862
1346177436 760131
1346178640 760665
1346179844 760943
1346181048 761203
1346182251 761718
1346183456 761985
1346184659 762257
1346185863 762796
1346187067 763069
1346188271 763337
1346189475 763907
1346190679 764173
1346191883 764444
1346193087 764932
1346194290 765190
1346195494 765454
1346196698 765966
1346197902 766228
1346199106 766493
1346200310 767009
1346201514 767262
1346202718 767525
1346203922 768037
1346205126 768101
1346206330 768101
1346207534 768045
1346208738 768009
1346209942 768009
1346211146 768009
1346212350 768009
1346213554 768009
1346214758 768015
1346215962 768021
1346217166 768021
1346218369 768020
1346219573 768014
1346220777 768014
1346221981 767985
1346223185 767983
1346224389 768021
1346225592 768036
1346226796 768045
1346228000 768050
1346229206 768050
1346230410 768055
1346231613 768063
1346232817 768097
1346234021 768123
1346235225 768129
1346236429 768124
1346237632 768140
1346238836 768130
1346240040 768129
1346241244 768129
1346242447 768138
1346243651 768175
1346244855 768176
1346246059 768182
1346247263 768189
1346248468 768230
1346249672 768246
1346250875 768251
1346252079 768261
1346253283 768266
1346254487 768282
1346255691 768288
1346256895 768296
1346258099 768296
1346259303 768293
1346260507 768303
1346261711 768314
1346262915 768317
1346264119 768313
1346265323 768317
1346266527 768314
1346267731 768320
1346268935 768311
1346270138 768316
1346271343 768319
1346272547 768322
1346273751 768327
1346274955 768338
1346276159 768344
1346277363 768356
1346278567 768338
1346279771 768339
1346280975 768331
1346282179 768330
1346283385 768330
1346284588 768329
1346285792 768329
1346286996 768329
1346288200 768329
1346289404 768330
1346290608 768330
1346291812 768330
1346293016 768329
1346294221 768274
1346295425 768251
1346296629 768251
1346297832 768251
1346299036 768251
1346300240 768251
1346301444 768251
1346302648 768252
1346303852 768263
1346305056 768261
1346306260 768262
1346307464 768266
1346308668 768268
1346309873 768293
1346311076 768316
1346312281 768320
1346313485 768320
1346314689 768324
1346315893 768326
1346317097 768341
1346318301 768349
1346319505 768347
1346320709 768592
1346321914 769080
1346323117 769310
1346324322 769566
1346325526 770073
1346326729 770342
1346327933 770588
1346329137 771127
1346330341 771391
1346331544 771642
1346332748 772135
1346333952 772399
1346335156 772652
1346336360 773145
1346337565 773400
1346338768 773641
1346339973 773958
1346341177 774197
1346342381 774452
1346343585 774748
1346344789 774956
1346346001 775191
1346347205 775664
1346348409 775840
1346349614 776335
1346350818 776595
1346352022 776850
